Formula           "H2O1"       "N2"         "C1O2"       "C1H4"       "C2H6"       "C3H8"       "C4"         "C5"         "NC6"        "C7"         "C8"         "PS0"        "PS01"       "PS02"       "PS03"      
Pcrit(bara)     22.11920     33.95800     73.77300     45.99200     48.71800     42.47660      3.76840      3.37800      2.96880      3.30060      2.92940      2.36050      1.78530      1.51440      1.39900
Tcrit(K)       647.35000    126.19200    304.12820    190.56400    305.32999    369.85001    421.67900    466.04500    507.40000    529.05600    553.10900    598.27100    677.97000    773.25000    937.89400
Vcr(m3/mol)  0.55948E-04  0.89414E-04  0.94118E-04  0.98628E-04  0.14556E-03  0.20000E-03  0.27884E-03  0.32794E-03  0.36349E-03  0.36512E-03  0.41707E-03  0.54463E-03  0.84099E-03  0.13036E-02  0.23251E-02
Tboil(K)       373.15000     77.34800    220.00000    111.63000    184.55000    231.05000    270.33800    306.04600    341.89000    365.10000    389.90000    445.89000    541.91300    647.72400    791.68800
Omega         0.34800000   0.03720000   0.22300000   0.01040000   0.09910000   0.15200000   0.19000000   0.24200000   0.29600000   0.45800000   0.49800000   0.58800000   0.77700000   1.02200000   1.28000000
MW(g/mol)       18.01500     28.01348     44.00980     16.04280     30.07000     44.09560     58.12400     72.15100     86.17800     92.60000    106.20000    137.74400    209.41700    319.38700    555.26400
DIPOLEMOM    0.18200E+01  0.00000E+00  0.00000E+00  0.00000E+00  0.00000E+00  0.00000E+00  0.00000E+00  0.00000E+00  0.00000E+00  0.00000E+00  0.00000E+00  0.00000E+00  0.00000E+00  0.00000E+00  0.00000E+00
Saturated_Liquid_Density_Correlations_(mol/m3):
Infochem_Equation_No   7            1            2            1            1            1            1            1            1            1            1            1            1            1            1
A            0.19927E+01  0.11136E+05  0.11083E+04  0.10081E+05  0.67431E+04  0.49261E+04  0.35863E+04  0.30493E+04  0.27511E+04  0.27388E+04  0.23977E+04  0.18361E+04  0.11891E+04  0.76709E+03  0.43009E+03
B            0.10997E+01  0.25200E+05 -0.51967E+03  0.22880E+05  0.16179E+05  0.11945E+05  0.90933E+04  0.78648E+04  0.67613E+04  0.64694E+04  0.57382E+04  0.45351E+04  0.32573E+04  0.23427E+04  0.15046E+04
C           -0.51084E+00  0.37500E+00  0.11377E+04  0.37500E+00  0.37500E+00  0.37500E+00  0.30806E+00  0.34501E+00  0.37327E+00  0.28696E+00  0.26902E+00  0.24192E+00  0.27751E+00  0.33505E+00  0.43342E+00
D           -0.17549E+01  0.00000E+00 -0.46239E+03  0.00000E+00  0.00000E+00  0.00000E+00  0.00000E+00  0.00000E+00  0.00000E+00  0.00000E+00  0.00000E+00  0.00000E+00  0.00000E+00  0.00000E+00  0.00000E+00
E           -0.45517E+02  0.00000E+00  0.00000E+00  0.00000E+00  0.00000E+00  0.00000E+00  0.00000E+00  0.00000E+00  0.00000E+00  0.00000E+00  0.00000E+00  0.00000E+00  0.00000E+00  0.00000E+00  0.00000E+00
F           -0.67469E+06  0.00000E+00  0.00000E+00  0.00000E+00  0.00000E+00  0.00000E+00  0.00000E+00  0.00000E+00  0.00000E+00  0.00000E+00  0.00000E+00  0.00000E+00  0.00000E+00  0.00000E+00  0.00000E+00
TMIN         0.27300E+03  0.00000E+00  0.21600E+03  0.00000E+00  0.00000E+00  0.00000E+00  0.12650E+03  0.13981E+03  0.15222E+03  0.15872E+03  0.16593E+03  0.17948E+03  0.20339E+03  0.23198E+03  0.28137E+03
TMAX         0.64730E+03  0.12607E+03  0.30400E+03  0.19036E+03  0.30502E+03  0.36948E+03  0.42168E+03  0.46605E+03  0.50740E+03  0.52906E+03  0.55311E+03  0.59827E+03  0.67797E+03  0.77325E+03  0.93789E+03
Perfect_Gas_Heat_Capacity_Correlations_(J/mol_K):
Infochem_Equation_No   1            1            1            1            1            1            1            1            1            1            1            1            1            1            1
A           -0.99416E+04 -0.86744E+04 -0.93719E+04 -0.10022E+05 -0.12049E+05 -0.14478E+05 -0.17138E+05 -0.20050E+05 -0.22699E+05 -0.21145E+05 -0.23346E+05 -0.29468E+05 -0.43409E+05 -0.64346E+05 -0.10813E+06
B           -0.33715E+03 -0.21553E+03 -0.33353E+03 -0.59967E+03 -0.10505E+04 -0.14870E+04 -0.20187E+04 -0.24062E+04 -0.28114E+04 -0.27117E+04 -0.30766E+04 -0.40147E+04 -0.61181E+04 -0.92304E+04 -0.15613E+05
C            0.40000E+01  0.35000E+01  0.35000E+01  0.40000E+01  0.40000E+01  0.40000E+01  0.40000E+01  0.40000E+01  0.40000E+01  0.40000E+01  0.40000E+01  0.40000E+01  0.40000E+01  0.40000E+01  0.40000E+01
D            0.70000E+01  0.45000E+01  0.75000E+01  0.13000E+02  0.22000E+02  0.31000E+02  0.42120E+02  0.49948E+02  0.58231E+02  0.56385E+02  0.63883E+02  0.83074E+02  0.12608E+03  0.18968E+03  0.32004E+03
E            0.37000E+03  0.40000E+03  0.14000E+03  0.24000E+03  0.29000E+03  0.29000E+03  0.29000E+03  0.29000E+03  0.29000E+03  0.29000E+03  0.29000E+03  0.29000E+03  0.29000E+03  0.29000E+03  0.29000E+03
F            0.93000E+00  0.35430E+01 -0.12800E+00  0.21560E+01 -0.28300E+00  0.26750E+00  0.18286E+01  0.12281E+01  0.10805E+01  0.16455E+01  0.15642E+01  0.12927E+01  0.99259E+00  0.81917E+00  0.69269E+00
G            0.50000E-01 -0.21524E+02  0.66010E+01 -0.94360E+01  0.65390E+01  0.31240E+01 -0.31434E+01 -0.20762E+01 -0.19243E+01 -0.30443E+01 -0.29834E+01 -0.26320E+01 -0.22685E+01 -0.21042E+01 -0.20421E+01
H            0.76390E+01  0.64727E+02 -0.38140E+01  0.30834E+02 -0.79000E+01 -0.48260E+01  0.00000E+00  0.00000E+00  0.00000E+00  0.00000E+00  0.00000E+00  0.00000E+00  0.00000E+00  0.00000E+00  0.00000E+00
I           -0.88680E+01 -0.56842E+02 -0.34430E+01 -0.25830E+02  0.00000E+00  0.00000E+00  0.00000E+00  0.00000E+00  0.00000E+00  0.00000E+00  0.00000E+00  0.00000E+00  0.00000E+00  0.00000E+00  0.00000E+00
TMIN         0.00000E+00  0.00000E+00  0.00000E+00  0.00000E+00  0.00000E+00  0.00000E+00  0.00000E+00  0.00000E+00  0.00000E+00  0.00000E+00  0.00000E+00  0.00000E+00  0.00000E+00  0.00000E+00  0.00000E+00
TMAX         0.10000E+05  0.10000E+05  0.10000E+05  0.10000E+05  0.10000E+05  0.10000E+05  0.10000E+05  0.10000E+05  0.10000E+05  0.10000E+05  0.10000E+05  0.10000E+05  0.10000E+05  0.10000E+05  0.10000E+05
Saturated_Liquid_Vapour_Pressure_Correlations_(Pa):
Infochem_Equation_No   3            3            3            3            3            3            3            3            3            3            3            3            3            3            3
A           -0.77983E+01 -0.60968E+01 -0.69563E+01 -0.60044E+01 -0.63431E+01 -0.67222E+01 -0.68727E+01 -0.71215E+01 -0.73799E+01 -0.81551E+01 -0.83465E+01 -0.87772E+01 -0.96816E+01 -0.10854E+02 -0.12089E+02
B            0.15403E+01  0.11367E+01  0.11969E+01  0.11885E+01  0.10163E+01  0.13324E+01  0.12550E+01  0.12766E+01  0.12989E+01  0.13660E+01  0.13826E+01  0.14198E+01  0.14981E+01  0.15995E+01  0.17063E+01
C           -0.28956E+01 -0.10407E+01 -0.31261E+01 -0.83408E+00 -0.11912E+01 -0.21387E+01 -0.22530E+01 -0.27164E+01 -0.31977E+01 -0.46415E+01 -0.49980E+01 -0.58001E+01 -0.74845E+01 -0.96681E+01 -0.11967E+02
D           -0.10380E+01 -0.19331E+01  0.29945E+01 -0.12283E+01 -0.20354E+01 -0.13855E+01 -0.22665E+01 -0.25258E+01 -0.27950E+01 -0.36029E+01 -0.38023E+01 -0.42511E+01 -0.51936E+01 -0.64153E+01 -0.77019E+01
TMIN         0.23000E+03  0.63000E+02  0.21700E+03  0.91000E+02  0.13300E+03  0.14500E+03  0.12650E+03  0.13981E+03  0.15222E+03  0.15872E+03  0.16593E+03  0.17948E+03  0.20339E+03  0.23198E+03  0.28137E+03
TMAX         0.64730E+03  0.12620E+03  0.30421E+03  0.19055E+03  0.30533E+03  0.36985E+03  0.42168E+03  0.46605E+03  0.50740E+03  0.52906E+03  0.55311E+03  0.59827E+03  0.67797E+03  0.77325E+03  0.93789E+03
Enthalpy_change_on_evaporation_for_saturated_liquid_(J/mol):
Infochem_Equation_No   2            1            2            1            1            1            1            1            1            1            1            1            1            1            1
A            0.95555E+01  0.87707E+04  0.66820E+01  0.12267E+05  0.21250E+05  0.27468E+05  0.32434E+05  0.38023E+05  0.44004E+05  0.48394E+05  0.53146E+05  0.65477E+05  0.89494E+05  0.11884E+06  0.15181E+06
B           -0.18716E+02  0.37750E+00  0.17946E+01  0.37750E+00  0.37750E+00  0.37750E+00  0.37500E+00  0.37500E+00  0.37500E+00  0.37500E+00  0.37500E+00  0.37500E+00  0.37500E+00  0.37500E+00  0.37500E+00
C            0.82657E+02  0.00000E+00  0.12187E+02  0.00000E+00  0.00000E+00  0.00000E+00  0.00000E+00  0.00000E+00  0.00000E+00  0.00000E+00  0.00000E+00  0.00000E+00  0.00000E+00  0.00000E+00  0.00000E+00
D           -0.11516E+03  0.00000E+00 -0.19648E+02  0.00000E+00  0.00000E+00  0.00000E+00  0.00000E+00  0.00000E+00  0.00000E+00  0.00000E+00  0.00000E+00  0.00000E+00  0.00000E+00  0.00000E+00  0.00000E+00
E            0.52530E+02  0.00000E+00  0.90040E+01  0.00000E+00  0.00000E+00  0.00000E+00  0.00000E+00  0.00000E+00  0.00000E+00  0.00000E+00  0.00000E+00  0.00000E+00  0.00000E+00  0.00000E+00  0.00000E+00
F            0.00000E+00  0.00000E+00  0.00000E+00  0.00000E+00  0.00000E+00  0.00000E+00  0.00000E+00  0.00000E+00  0.00000E+00  0.00000E+00  0.00000E+00  0.00000E+00  0.00000E+00  0.00000E+00  0.00000E+00
G            0.00000E+00  0.00000E+00  0.00000E+00  0.00000E+00  0.00000E+00  0.00000E+00  0.00000E+00  0.00000E+00  0.00000E+00  0.00000E+00  0.00000E+00  0.00000E+00  0.00000E+00  0.00000E+00  0.00000E+00
TMIN         0.27300E+03  0.00000E+00  0.21600E+03  0.00000E+00  0.00000E+00  0.00000E+00  0.12650E+03  0.13981E+03  0.15222E+03  0.15872E+03  0.16593E+03  0.17948E+03  0.20339E+03  0.23198E+03  0.28137E+03
TMAX         0.64730E+03  0.12607E+03  0.30400E+03  0.19036E+03  0.30502E+03  0.36948E+03  0.42168E+03  0.46605E+03  0.50740E+03  0.52906E+03  0.55311E+03  0.59827E+03  0.67797E+03  0.77325E+03  0.93789E+03
Saturated_liquid_heat_capacity_correlations_(J/mol_K):
Infochem_Equation_No   5            5            5            1            1            1            5            5            5            5            5            5            5            5            5
A            0.27637E+03  0.28197E+03 -0.83043E+04  0.43175E+01  0.19368E+01  0.39669E+01 -0.84389E+03 -0.10236E+04 -0.12094E+04 -0.12399E+04 -0.14154E+04 -0.18437E+04 -0.28200E+04 -0.43127E+04 -0.74973E+04
B           -0.20901E+01 -0.12281E+02  0.10437E+03  0.38883E+02  0.89718E+02  0.11363E+03  0.38298E+01  0.46251E+01  0.54467E+01  0.55492E+01  0.63213E+01  0.82109E+01  0.12504E+02  0.19034E+02  0.32890E+02
C            0.81250E-02  0.24800E+00 -0.43333E+00  0.33899E+02 -0.80868E+02 -0.79763E+02  0.00000E+00  0.00000E+00  0.00000E+00  0.00000E+00  0.00000E+00  0.00000E+00  0.00000E+00  0.00000E+00  0.00000E+00
D           -0.14116E-04 -0.22182E-02  0.60052E-03 -0.40349E+02  0.83001E+02  0.55013E+02  0.00000E+00  0.00000E+00  0.00000E+00  0.00000E+00  0.00000E+00  0.00000E+00  0.00000E+00  0.00000E+00  0.00000E+00
E            0.93701E-08  0.74902E-05  0.00000E+00 -0.22179E+02 -0.28138E+03 -0.13365E+03  0.00000E+00  0.00000E+00  0.00000E+00  0.00000E+00  0.00000E+00  0.00000E+00  0.00000E+00  0.00000E+00  0.00000E+00
F            0.00000E+00  0.00000E+00  0.00000E+00  0.79200E+02  0.86640E+03  0.27654E+03  0.00000E+00  0.00000E+00  0.00000E+00  0.00000E+00  0.00000E+00  0.00000E+00  0.00000E+00  0.00000E+00  0.00000E+00
G            0.00000E+00  0.00000E+00  0.00000E+00 -0.75416E+02 -0.71140E+03 -0.15259E+03  0.00000E+00  0.00000E+00  0.00000E+00  0.00000E+00  0.00000E+00  0.00000E+00  0.00000E+00  0.00000E+00  0.00000E+00
TMIN         0.27316E+03  0.63150E+02  0.22000E+03  0.90690E+02  0.92000E+02  0.85470E+02  0.25500E+03  0.25500E+03  0.25500E+03  0.25500E+03  0.25500E+03  0.25500E+03  0.25500E+03  0.25500E+03  0.25500E+03
TMAX         0.53315E+03  0.11200E+03  0.29000E+03  0.19000E+03  0.29000E+03  0.36000E+03  0.35843E+03  0.39614E+03  0.43129E+03  0.44970E+03  0.47014E+03  0.50853E+03  0.57627E+03  0.65726E+03  0.79721E+03
Zero-Density_Gas_Viscosity_Correlations_(Pa_s):
Infochem_Equation_No   1            1            1            1            1            1            3            3            3            3            3            3            3            3            3
A            0.61839E-06  0.65592E-06  0.21480E-05  0.52546E-06  0.25906E-06  0.24993E-06  0.52852E+00  0.55789E+00  0.57736E+00  0.57822E+00  0.60444E+00  0.66067E+00  0.76362E+00  0.88376E+00  0.10718E+01
B            0.67779E+00  0.60810E+00  0.46000E+00  0.59006E+00  0.67988E+00  0.68612E+00  0.33485E+03  0.37008E+03  0.40292E+03  0.42012E+03  0.43922E+03  0.47508E+03  0.53837E+03  0.61403E+03  0.74477E+03
C            0.84723E+03  0.54714E+02  0.29000E+03  0.10567E+03  0.98902E+02  0.17934E+03  0.00000E+00  0.00000E+00  0.00000E+00  0.00000E+00  0.00000E+00  0.00000E+00  0.00000E+00  0.00000E+00  0.00000E+00
D           -0.73930E+05  0.00000E+00  0.00000E+00  0.00000E+00  0.00000E+00 -0.82546E+04  0.00000E+00  0.00000E+00  0.00000E+00  0.00000E+00  0.00000E+00  0.00000E+00  0.00000E+00  0.00000E+00  0.00000E+00
TMIN         0.27316E+03  0.63150E+02  0.19467E+03  0.90690E+02  0.90350E+02  0.85470E+02  0.12650E+03  0.13981E+03  0.15222E+03  0.15872E+03  0.16593E+03  0.17948E+03  0.20339E+03  0.23198E+03  0.28137E+03
TMAX         0.10732E+04  0.19700E+04  0.15000E+04  0.10000E+04  0.10000E+04  0.10000E+04  0.10000E+05  0.10000E+05  0.10000E+05  0.10000E+05  0.10000E+05  0.10000E+05  0.10000E+05  0.10000E+05  0.10000E+05
Saturated_Liquid_Viscosity_Correlations_(Pa_s):
Infochem_Equation_No   2            2            2            2            2            2            2            2            2            2            2            2            2            2            2
A           -0.52843E+02  0.16004E+02  0.18775E+02 -0.61572E+01 -0.34134E+01 -0.69281E+01 -0.10252E+02 -0.10391E+02 -0.10512E+02 -0.10581E+02 -0.10647E+02 -0.10764E+02 -0.10866E+02 -0.10833E+02 -0.10542E+02
B            0.37036E+04 -0.18161E+03 -0.40290E+03  0.17815E+03  0.19705E+03  0.42076E+03  0.41612E+03  0.50623E+03  0.59996E+03  0.66166E+03  0.72790E+03  0.87598E+03  0.11105E+04  0.13093E+04  0.14087E+04
C            0.58660E+01 -0.51551E+01 -0.46854E+01 -0.95239E+00 -0.12193E+01 -0.63276E+00  0.00000E+00  0.00000E+00  0.00000E+00  0.00000E+00  0.00000E+00  0.00000E+00  0.00000E+00  0.00000E+00  0.00000E+00
D           -0.58790E-28  0.00000E+00 -0.70000E-25 -0.90606E-23 -0.92023E-25 -0.17130E-25  0.19319E+05  0.26607E+05  0.35226E+05  0.41486E+05  0.48740E+05  0.67078E+05  0.10335E+06  0.14564E+06  0.19153E+06
E            0.10000E+02  0.00000E+00  0.10000E+02  0.10000E+02  0.10000E+02  0.10000E+02 -0.20000E+01 -0.20000E+01 -0.20000E+01 -0.20000E+01 -0.20000E+01 -0.20000E+01 -0.20000E+01 -0.20000E+01 -0.20000E+01
TMIN         0.27316E+03  0.63150E+02  0.21925E+03  0.90690E+02  0.90350E+02  0.85470E+02  0.12650E+03  0.13981E+03  0.15222E+03  0.15872E+03  0.16593E+03  0.17948E+03  0.20339E+03  0.23198E+03  0.28137E+03
TMAX         0.64615E+03  0.12400E+03  0.30419E+03  0.18800E+03  0.30000E+03  0.36000E+03  0.42168E+03  0.46605E+03  0.50740E+03  0.52906E+03  0.55311E+03  0.59827E+03  0.67797E+03  0.77325E+03  0.93789E+03
Zero-Density_Gas_Thermal_Conductivity_Correlations_(W/mK):
Infochem_Equation_No   1            1            1            1            1            1            5            5            5            5            5            5            5            5            5
A            0.21606E-02  0.33143E-03  0.36900E+01  0.63252E+04  0.73869E-04 -0.11200E+01 -0.91473E-02 -0.92175E-02 -0.92751E-02 -0.92984E-02 -0.93429E-02 -0.94273E-02 -0.95632E-02 -0.97002E-02 -0.98796E-02
B            0.76839E+00  0.77220E+00 -0.38380E+00  0.43041E+00  0.11689E+01  0.10972E+00  0.11318E-03  0.11226E-03  0.11150E-03  0.11119E-03  0.11060E-03  0.10949E-03  0.10769E-03  0.10588E-03  0.10351E-03
C            0.39405E+04  0.16323E+02  0.96400E+03  0.77040E+09  0.50073E+03 -0.98346E+04  0.90833E-09  0.90833E-09  0.90833E-09  0.90833E-09  0.90833E-09  0.90833E-09  0.90833E-09  0.90833E-09  0.90833E-09
D           -0.44534E+06  0.37372E+03  0.18600E+07 -0.38725E+11  0.00000E+00 -0.75358E+07 -0.98245E-12 -0.98245E-12 -0.98245E-12 -0.98245E-12 -0.98245E-12 -0.98245E-12 -0.98245E-12 -0.98245E-12 -0.98245E-12
E            0.00000E+00  0.00000E+00  0.00000E+00  0.00000E+00  0.00000E+00  0.00000E+00  0.00000E+00  0.00000E+00  0.00000E+00  0.00000E+00  0.00000E+00  0.00000E+00  0.00000E+00  0.00000E+00  0.00000E+00
TMIN         0.27316E+03  0.63150E+02  0.19467E+03  0.90690E+02  0.18455E+03  0.23111E+03  0.12650E+03  0.13981E+03  0.15222E+03  0.15872E+03  0.16593E+03  0.17948E+03  0.20339E+03  0.23198E+03  0.28137E+03
TMAX         0.10732E+04  0.20000E+04  0.15000E+04  0.10000E+04  0.10000E+04  0.10000E+04  0.42168E+03  0.46605E+03  0.50740E+03  0.52906E+03  0.55311E+03  0.59827E+03  0.67797E+03  0.77325E+03  0.93789E+03
Saturated_Liquid_Thermal_Conductivity_Correlations_(W/mK):
Infochem_Equation_No   5            5            5            5            5            5            1            1            1            1            1            1            1            1            1
A           -0.43200E+00  0.26540E+00  0.44060E+00  0.41768E+00  0.35758E+00  0.26755E+00  0.33341E-01  0.30613E-01  0.28749E-01  0.28460E-01  0.27235E-01  0.25709E-01  0.23349E-01  0.20815E-01  0.16072E-01
B            0.57255E-02 -0.16770E-02 -0.12175E-02 -0.24528E-02 -0.11458E-02 -0.66457E-03  0.00000E+00  0.00000E+00  0.00000E+00  0.00000E+00  0.00000E+00  0.00000E+00  0.00000E+00  0.00000E+00  0.00000E+00
C           -0.80780E-05  0.00000E+00  0.00000E+00  0.35588E-05  0.61866E-06  0.27740E-06  0.66667E+01  0.66667E+01  0.66667E+01  0.66667E+01  0.66667E+01  0.66667E+01  0.66667E+01  0.66667E+01  0.66667E+01
D            0.18610E-08  0.00000E+00  0.00000E+00  0.00000E+00  0.00000E+00  0.00000E+00  0.00000E+00  0.00000E+00  0.00000E+00  0.00000E+00  0.00000E+00  0.00000E+00  0.00000E+00  0.00000E+00  0.00000E+00
E            0.00000E+00  0.00000E+00  0.00000E+00  0.00000E+00  0.00000E+00  0.00000E+00  0.00000E+00  0.00000E+00  0.00000E+00  0.00000E+00  0.00000E+00  0.00000E+00  0.00000E+00  0.00000E+00  0.00000E+00
TMIN         0.27316E+03  0.63150E+02  0.21658E+03  0.90690E+02  0.90350E+02  0.85470E+02  0.12650E+03  0.13981E+03  0.15222E+03  0.15872E+03  0.16593E+03  0.17948E+03  0.20339E+03  0.23198E+03  0.28137E+03
TMAX         0.63315E+03  0.12400E+03  0.30000E+03  0.18000E+03  0.30000E+03  0.35000E+03  0.42168E+03  0.46605E+03  0.50740E+03  0.52906E+03  0.55311E+03  0.59827E+03  0.67797E+03  0.77325E+03  0.93789E+03
 
 
 
BIPs: Dimensionless, Symmetric, T-function = a + bT + cT^2, T in K, for the PR EOS model: 
"H2O1"           0.00000      0.00000      0.19460      0.50000      0.51190      0.51403      0.51498      0.51588      0.51652      0.51763      0.51781      0.51812      0.51855      0.51888      0.51910
                                       0.40437E-03                                                                                                                                                             
                                      -0.37005E-06                                                                                                                                                             
"N2"             0.00000      0.00000     -0.01700      0.03100      0.05780      0.07248      0.09283      0.10601      0.11555      0.11599      0.12993      0.16417      0.19000      0.19000      0.19000
                                                                                                                                                                                                               
                                                                                                                                                                                                               
"C1O2"           0.19460     -0.01700      0.00000      0.09200      0.11337      0.11203      0.11017      0.10897      0.10810      0.10806      0.10678      0.10366      0.09640      0.08507      0.06005
             0.40437E-03                                                                                                                                                                                       
            -0.37005E-06                                                                                                                                                                                       
"C1H4"           0.50000      0.03100      0.09200      0.00000      0.01545      0.02038      0.02475      0.02861      0.03203      0.03347      0.03626      0.04163      0.04979      0.05643      0.06302
                                                                                                                                                                                                               
                                                                                                                                                                                                               
"C2H6"           0.51190      0.05780      0.11337      0.01545      0.00000      0.00000      0.02430      0.02816      0.03158      0.03302      0.03581      0.04118      0.04934      0.05598      0.06257
                                                                                                                                                                                                               
                                                                                                                                                                                                               
"C3H8"           0.51403      0.07248      0.11203      0.02038      0.00000      0.00000      0.00000      0.02719      0.03061      0.03204      0.03483      0.04021      0.04837      0.05501      0.06160
                                                                                                                                                                                                               
                                                                                                                                                                                                               
"C4"             0.51498      0.09283      0.11017      0.02475      0.02430      0.00000      0.00000      0.00000      0.02783      0.02927      0.03206      0.03743      0.04559      0.05223      0.05882
                                                                                                                                                                                                               
                                                                                                                                                                                                               
"C5"             0.51588      0.10601      0.10897      0.02861      0.02816      0.02719      0.00000      0.00000      0.00000      0.00000      0.01706      0.02244      0.03060      0.03724      0.04383
                                                                                                                                                                                                               
                                                                                                                                                                                                               
"NC6"            0.51652      0.11555      0.10810      0.03203      0.03158      0.03061      0.02783      0.00000      0.00000      0.00000      0.00000      0.00000      0.00000      0.00000      0.00000
                                                                                                                                                                                                               
                                                                                                                                                                                                               
"C7"             0.51763      0.11599      0.10806      0.03347      0.03302      0.03204      0.02927      0.00000      0.00000      0.00000      0.00000      0.00000      0.00000      0.00000      0.00000
                                                                                                                                                                                                               
                                                                                                                                                                                                               
"C8"             0.51781      0.12993      0.10678      0.03626      0.03581      0.03483      0.03206      0.01706      0.00000      0.00000      0.00000      0.00000      0.00000      0.00000      0.00000
                                                                                                                                                                                                               
                                                                                                                                                                                                               
"PS0"            0.51812      0.16417      0.10366      0.04163      0.04118      0.04021      0.03743      0.02244      0.00000      0.00000      0.00000      0.00000      0.00000      0.00000      0.00000
                                                                                                                                                                                                               
                                                                                                                                                                                                               
"PS01"           0.51855      0.19000      0.09640      0.04979      0.04934      0.04837      0.04559      0.03060      0.00000      0.00000      0.00000      0.00000      0.00000      0.00000      0.00000
                                                                                                                                                                                                               
                                                                                                                                                                                                               
"PS02"           0.51888      0.19000      0.08507      0.05643      0.05598      0.05501      0.05223      0.03724      0.00000      0.00000      0.00000      0.00000      0.00000      0.00000      0.00000
                                                                                                                                                                                                               
                                                                                                                                                                                                               
"PS03"           0.51910      0.19000      0.06005      0.06302      0.06257      0.06160      0.05882      0.04383      0.00000      0.00000      0.00000      0.00000      0.00000      0.00000      0.00000
                                                                                                                                                                                                               
                                                                                                                                                                                                               
