Trend data for Model:	
Model time base:		8
Plot duration (secs):		1800

Plot information - trends












Plot information - trajectories














Tag-names		23LIC0001:Measurement		23LIC0001:InternalSetpoint		23LIC0001:ControllerOutput		23LIC0002:Measurement		23LIC0002:InternalSetpoint		23LIC0002:ControllerOutput
Units		fract		fract		fract		fract		fract		fract
Legend titles												
0		0.6003734		0.6		0.2476206		0.7511724		0.75		0.6698458
8		0.5999141		0.6		0.2422857		0.7520667		0.75		0.6786357
16		0.5998649		0.6		0.241754		0.7497638		0.75		0.6647444
24		0.5986816		0.6		0.228113		0.7489446		0.75		0.6596864
32		0.5995141		0.6		0.2375818		0.7517608		0.75		0.6765131
40		0.6010901		0.6		0.2558127		0.7489264		0.75		0.6591182
48		0.5997602		0.6		0.2405919		0.7493066		0.75		0.6610743
56		0.6014127		0.6		0.2597245		0.7496725		0.75		0.663025
64		0.600416		0.6		0.2482412		0.7501492		0.75		0.6661974
72		0.5997455		0.6		0.240614		0.7490233		0.75		0.6593878
80		0.599583		0.6		0.238732		0.7499292		0.75		0.664658
88		0.599244		0.6		0.234656		0.749775		0.75		0.6638827
96		0.598619		0.6		0.2274447		0.7496686		0.75		0.6627041
104		0.5997103		0.6		0.2399949		0.7489358		0.75		0.6582866
112		0.5994745		0.6		0.2373012		0.7498398		0.75		0.6638822
120		0.5992943		0.6		0.2354122		0.7503591		0.75		0.6674443
128		0.5999205		0.6		0.2426263		0.7493917		0.75		0.6616308
136		0.6016288		0.6		0.2624616		0.7483046		0.75		0.6553629
144		0.5991872		0.6		0.2344916		0.7506545		0.75		0.6694015
152		0.5992421		0.6		0.2350751		0.7493512		0.75		0.6614426
160		0.6005823		0.6		0.2505373		0.7487867		0.75		0.6574297
168		0.6008264		0.6		0.2533092		0.7506043		0.75		0.6684621
176		0.6003246		0.6		0.2475674		0.7491288		0.75		0.6597372
184		0.6018121		0.6		0.2646693		0.7487054		0.75		0.6569984
192		0.601504		0.6		0.2611604		0.7492562		0.75		0.6603409
200		0.6000876		0.6		0.2449634		0.7491723		0.75		0.6597215
208		0.5995954		0.6		0.2392796		0.7492799		0.75		0.6605645
216		0.5986973		0.6		0.2288421		0.7508112		0.75		0.6697738
224		0.6004402		0.6		0.2490278		0.7510256		0.75		0.6708571
232		0.6005065		0.6		0.2498749		0.7512654		0.75		0.6722014
240		0.6007498		0.6		0.2526382		0.7494198		0.75		0.6609221
248		0.6013831		0.6		0.2599307		0.748007		0.75		0.6525868
256		0.5995356		0.6		0.2388018		0.7496501		0.75		0.6624956
264		0.6009611		0.6		0.2551565		0.7507718		0.75		0.6693571
272		0.5992827		0.6		0.2357147		0.7499565		0.75		0.6645038
280		0.5999243		0.6		0.2431082		0.7499659		0.75		0.6646237
288		0.6007063		0.6		0.2520926		0.7490486		0.75		0.658946
296		0.6002956		0.6		0.2474181		0.7516343		0.75		0.6743468
304		0.6007291		0.6		0.2524456		0.7513885		0.75		0.6729747
312		0.5994418		0.6		0.2376351		0.7501086		0.75		0.6655383
320		0.6003129		0.6		0.2477521		0.7501169		0.75		0.6655344
328		0.5996794		0.6		0.2405658		0.7495284		0.75		0.6617282
336		0.6011597		0.6		0.2578133		0.7472237		0.75		0.6476744
344		0.6009254		0.6		0.2549481		0.7493181		0.75		0.6601954
352		0.6011191		0.6		0.2572922		0.750432		0.75		0.6669672
360		0.5991324		0.6		0.2342697		0.7507543		0.75		0.6690487
368		0.6002009		0.6		0.2465204		0.7509584		0.75		0.6706892
376		0.5995549		0.6		0.2391505		0.7500543		0.75		0.6653626
384		0.5988809		0.6		0.2314428		0.7511599		0.75		0.6721773
392		0.5995561		0.6		0.2391032		0.7475048		0.8		0.3349002
400		0.5997594		0.6		0.2413302		0.7631233		0.8		0.4016519
408		0.5999086		0.6		0.2430096		0.7789714		0.8		0.4796978
416		0.5994934		0.6		0.2381745		0.7931234		0.8		0.5575487
424		0.6005304		0.6		0.2502254		0.8018328		0.8		0.6089609
432		0.6007228		0.6		0.2525602		0.8058393		0.8		0.635976
440		0.599673		0.6		0.2405296		0.8095022		0.8		0.6631969
448		0.6001827		0.6		0.2464388		0.8110331		0.8		0.6782388
456		0.6000384		0.6		0.2448573		0.8099607		0.8		0.6779255
464		0.6012559		0.6		0.2588083		0.8108176		0.8		0.6893004
472		0.5983711		0.6		0.2255242		0.8100785		0.8		0.6905571
480		0.5986249		0.6		0.2283778		0.8075213		0.8		0.6801356
488		0.6011406		0.6		0.2574888		0.8085278		0.8		0.6910363
496		0.5993905		0.6		0.2372698		0.8084961		0.8		0.6953255
504		0.6004109		0.6		0.2489541		0.8048511		0.8		0.6769111
512		0.5991134		0.6		0.2340702		0.8065849		0.8		0.6905281
520		0.6003964		0.6		0.2489517		0.8041384		0.8		0.6788721
528		0.5998318		0.6		0.2423365		0.8022233		0.8		0.6698311
536		0.5981354		0.6		0.2227744		0.8037749		0.8		0.6810817
544		0.6009124		0.6		0.2547915		0.8008926		0.8		0.6652233
552		0.6003225		0.6		0.2480001		0.8027851		0.8		0.6777762
560		0.6010446		0.6		0.2564344		0.8012229		0.8		0.6693
568		0.5999425		0.6		0.2439209		0.7987089		0.8		0.6546933
576		0.5979968		0.6		0.2214214		0.802004		0.8		0.6746386
584		0.6003341		0.6		0.2481915		0.8001119		0.8		0.6639466
592		0.5993275		0.6		0.2365382		0.8021237		0.8		0.6764587
600		0.6007932		0.6		0.2534518		0.8007158		0.8		0.6684991
608		0.5991115		0.6		0.2339525		0.8002394		0.8		0.6656768
616		0.600627		0.6		0.2513878		0.7997649		0.8		0.6629804
624		0.599327		0.6		0.2364176		0.8010713		0.8		0.6707306
632		0.6002157		0.6		0.2467083		0.8002356		0.8		0.6655717
640		0.6004385		0.6		0.2494869		0.8003254		0.8		0.6663907
648		0.6008486		0.6		0.2543081		0.7974211		0.8		0.6485561
656		0.5998979		0.6		0.2433615		0.799265		0.8		0.6591981
664		0.6000723		0.6		0.2453392		0.8010969		0.8		0.670298
672		0.5991409		0.6		0.234451		0.8004927		0.8		0.667201
680		0.5997005		0.6		0.240787		0.7994171		0.8		0.6607834
688		0.5999219		0.6		0.2433207		0.7996521		0.8		0.6622269
696		0.5993173		0.6		0.2363173		0.8007717		0.8		0.6689911
704		0.5996844		0.6		0.2404611		0.8007129		0.8		0.6687648
712		0.5996296		0.6		0.2398512		0.7995663		0.8		0.6616873
720		0.6000227		0.6		0.2443807		0.79986		0.8		0.6638547
728		0.5995724		0.6		0.2391911		0.7998737		0.8		0.6640079
736		0.6011976		0.6		0.2578098		0.7988287		0.8		0.6576548
744		0.6006938		0.6		0.2520351		0.8026214		0.8		0.6805968
752		0.6009048		0.6		0.2545765		0.8010261		0.8		0.6711225
760		0.6010038		0.6		0.2558046		0.8004662		0.8		0.6679678
768		0.5999698		0.6		0.2440513		0.8002322		0.8		0.6668559
776		0.6001615		0.6		0.2462894		0.7985322		0.8		0.6563457
784		0.5990374		0.6		0.2333955		0.7980575		0.8		0.6530453
792		0.5996525		0.6		0.2405525		0.7980663		0.8		0.652701
800		0.6010821		0.6		0.2570677		0.7986811		0.8		0.6562064
808		0.5997659		0.6		0.2417449		0.7985409		0.8		0.6555127
816		0.599117		0.6		0.234214		0.7992868		0.8		0.6602727
824		0.6009825		0.6		0.2556139		0.7993236		0.8		0.6609995
832		0.599284		0.6		0.2361258		0.8001597		0.8		0.6664464
840		0.6011882		0.6		0.258115		0.7997112		0.8		0.6636422
848		0.600353		0.6		0.2484312		0.7996259		0.8		0.6631155
856		0.599672		0.6		0.2404561		0.7990261		0.8		0.6590487
864		0.6005805		0.6		0.2508879		0.7996904		0.8		0.6628281
872		0.6015787		0.6		0.2625134		0.7991348		0.8		0.6592371
880		0.5986109		0.6		0.2283878		0.8009611		0.8		0.6705234
888		0.6003203		0.6		0.2481233		0.7997537		0.8		0.6630309
896		0.6003395		0.6		0.2482669		0.8019584		0.8		0.6765751
904		0.6005054		0.6		0.2502584		0.8000972		0.8		0.6654691
912		0.5988769		0.6		0.231604		0.7997827		0.8		0.6635394
920		0.6011217		0.6		0.2575413		0.7989862		0.8		0.6586043
928		0.5995016		0.6		0.2388812		0.8007469		0.8		0.6691624
936		0.5992517		0.6		0.2358737		0.8008408		0.8		0.6695936
944		0.601252		0.6		0.2587634		0.7994757		0.8		0.6614577
952		0.600131		0.6		0.2457829		0.8008017		0.8		0.6693274
960		0.6000156		0.6		0.2443764		0.7994716		0.8		0.6611969
968		0.6003548		0.6		0.2483198		0.8014181		0.8		0.6729343
976		0.5996595		0.6		0.2404035		0.8002964		0.8		0.6660861
984		0.601396		0.6		0.2604315		0.8012085		0.8		0.6720816
992		0.5978382		0.6		0.2195656		0.799059		0.8		0.6590482
1000		0.6004517		0.6		0.2496161		0.8001298		0.8		0.6655028
1008		0.6002521		0.6		0.2474389		0.8018278		0.8		0.675246
1016		0.6003933		0.6		0.2490628		0.7985736		0.8		0.6557386
1024		0.6004016		0.6		0.2491801		0.7997209		0.8		0.6624101
1032		0.6006457		0.6		0.2520388		0.8014361		0.8		0.6728676
1040		0.6003106		0.6		0.2480563		0.8006343		0.8		0.6682795
1048		0.599928		0.6		0.2435533		0.7994826		0.8		0.6611737
1056		0.5995876		0.6		0.2395589		0.8005825		0.8		0.6676921
1064		0.6005226		0.6		0.2503598		0.8009397		0.8		0.6699988
1072		0.6000438		0.6		0.2449567		0.7997373		0.8		0.6629064
1080		0.5996386		0.6		0.2403217		0.7996125		0.8		0.6623047
1088		0.5999543		0.6		0.2440772		0.7985175		0.8		0.655786
1096		0.6005828		0.6		0.2513337		0.8011215		0.8		0.6714004
1104		0.5994442		0.6		0.2381851		0.801769		0.8		0.6750905
1112		0.6001383		0.6		0.2461559		0.8005892		0.8		0.6681361
1120		0.6013944		0.6		0.2606141		0.8006252		0.8		0.6688519
1128		0.5996911		0.6		0.2409049		0.7977211		0.8		0.6511955
1136		0.6006831		0.6		0.252298		0.7995781		0.8		0.6623386
1144		0.6006007		0.6		0.2512442		0.8006959		0.8		0.6689749
1152		0.600544		0.6		0.2506959		0.7985765		0.8		0.6559262
1160		0.5990406		0.6		0.2333312		0.801436		0.8		0.6728667
1168		0.5996788		0.6		0.2406917		0.798086		0.8		0.6528055
1176		0.6009906		0.6		0.2558652		0.7983738		0.8		0.6547428
1184		0.5996999		0.6		0.2409816		0.7983651		0.8		0.6544072
1192		0.6012323		0.6		0.2585939		0.8009094		0.8		0.6700674
1200		0.6007015		0.6		0.2527064		0.8007728		0.8		0.6694404
1208		0.6003132		0.6		0.2483391		0.7988613		0.8		0.6579122
1216		0.6007556		0.6		0.2534592		0.8020425		0.8		0.6771018
1224		0.5999105		0.6		0.243652		0.7992448		0.8		0.6605468
1232		0.5998343		0.6		0.2427056		0.7989224		0.8		0.6582252
1240		0.5985253		0.6		0.2274847		0.7989843		0.8		0.6588051
1248		0.5986801		0.6		0.2291771		0.7992113		0.8		0.6600103
1256		0.5981486		0.6		0.2231504		0.8000824		0.8		0.6650651
1264		0.6002288		0.6		0.2471616		0.8013423		0.8		0.6727459
1272		0.6004533		0.6		0.2497518		0.7998184		0.8		0.6633913
1280		0.5998704		0.6		0.2432047		0.7991793		0.8		0.6594342
1288		0.6008671		0.6		0.2547157		0.8017389		0.8		0.6749655
1296		0.6005936		0.6		0.2516237		0.8014218		0.8		0.6731039
1304		0.5999561		0.6		0.2442684		0.8008344		0.8		0.6696603
1312		0.5995321		0.6		0.2393532		0.7999178		0.8		0.6646
1320		0.5996233		0.6		0.2403339		0.8017911		0.8		0.6754813
1328		0.600309		0.6		0.2481724		0.8016089		0.8		0.6743041
1336		0.5992391		0.6		0.2357796		0.799005		0.8		0.658854
1344		0.6004166		0.6		0.2493514		0.7999894		0.8		0.6648971
1352		0.5990649		0.6		0.2337746		0.8000501		0.8		0.6650563
1360		0.6000332		0.6		0.2449526		0.8001736		0.8		0.6655283
1368		0.5983689		0.6		0.2258314		0.7998551		0.8		0.6634041
1376		0.6001663		0.6		0.2464977		0.800405		0.8		0.6666747
1384		0.5986597		0.6		0.2291997		0.8004013		0.8		0.6669055
1392		0.5986091		0.6		0.22856		0.7999366		0.8		0.6643568
1400		0.6011865		0.6		0.2581834		0.8014578		0.8		0.6734069
1408		0.6001197		0.6		0.2459463		0.80112		0.8		0.6715376
1416		0.6002551		0.6		0.2474938		0.7992626		0.8		0.6600709
1424		0.6010267		0.6		0.256429		0.7996096		0.8		0.6621862
1432		0.5996168		0.6		0.240297		0.7998886		0.8		0.6639336
1440		0.5996754		0.6		0.2410001		0.8009613		0.8		0.6705914
1448		0.5993946		0.6		0.2376154		0.7990941		0.8		0.6595421
1456		0.5999322		0.6		0.243861		0.7996186		0.8		0.6626436
1464		0.5992225		0.6		0.2356795		0.7995037		0.8		0.6618609
1472		0.5993267		0.6		0.2368688		0.7990338		0.8		0.6586689
1480		0.5995669		0.6		0.2397448		0.7996752		0.8		0.662187
1488		0.6001626		0.6		0.2465872		0.8011854		0.8		0.671367
1496		0.5988626		0.6		0.231663		0.8000781		0.8		0.6648047
1504		0.5995723		0.6		0.239745		0.7992242		0.8		0.6591921
1512		0.5995598		0.6		0.23958		0.8005478		0.8		0.667144
1520		0.599094		0.6		0.2342772		0.8025003		0.8		0.6795223
1528		0.6004487		0.6		0.2499419		0.7993103		0.8		0.660646
1536		0.6004774		0.6		0.2503519		0.8006653		0.8		0.6688592
1544		0.6010554		0.6		0.2569733		0.7994196		0.8		0.6611323
1552		0.6011251		0.6		0.2578495		0.80141		0.8		0.673049
1560		0.5996446		0.6		0.2406063		0.8010091		0.8		0.6707097
1568		0.5999205		0.6		0.2437561		0.8004979		0.8		0.667948
1576		0.6000099		0.6		0.2449322		0.8017786		0.8		0.67564
1584		0.5992524		0.6		0.2362279		0.7970558		0.8		0.6473077
1592		0.5996982		0.6		0.2412705		0.7995252		0.8		0.6618891
1600		0.5997686		0.6		0.2421851		0.7990744		0.8		0.6590325
1608		0.6008562		0.6		0.2547236		0.7993822		0.8		0.6607541
1616		0.6003496		0.6		0.2488159		0.8002422		0.8		0.6656898
1624		0.6002542		0.6		0.2476256		0.7998289		0.8		0.6633038
1632		0.600589		0.6		0.2515112		0.8000228		0.8		0.6647574
1640		0.6008929		0.6		0.2548871		0.8000786		0.8		0.6651429
1648		0.5988173		0.6		0.2309752		0.7993958		0.8		0.6607694
1656		0.5990602		0.6		0.2338068		0.8016159		0.8		0.6742855
1664		0.5995213		0.6		0.2391356		0.8017781		0.8		0.67559
1672		0.599597		0.6		0.2400157		0.8003612		0.8		0.6673755
1680		0.6007603		0.6		0.253506		0.8008729		0.8		0.670887
1688		0.5999295		0.6		0.2439028		0.7975947		0.8		0.6505777
1696		0.5997395		0.6		0.2416105		0.8012146		0.8		0.6722549
1704		0.6000072		0.6		0.2447236		0.7998767		0.8		0.6643973
1712		0.6007066		0.6		0.2527254		0.8009547		0.8		0.670727
1720		0.600539		0.6		0.2508224		0.8008314		0.8		0.6698723
1728		0.6002365		0.6		0.2474156		0.8012819		0.8		0.6726485
1736		0.6005487		0.6		0.2510634		0.8006353		0.8		0.6688677
1744		0.6018971		0.6		0.2666969		0.7988608		0.8		0.657864
1752		0.5998317		0.6		0.2429788		0.7990518		0.8		0.6589067
1760		0.5998846		0.6		0.2435777		0.7983578		0.8		0.6548669
1768		0.5993379		0.6		0.2372762		0.7991707		0.8		0.6596596
1776		0.6006926		0.6		0.2526388		0.7989514		0.8		0.6582662
1784		0.5986116		0.6		0.2285704		0.799214		0.8		0.6597416
1792		0.6003558		0.6		0.2485335		0.8012		0.8		0.671433
1800		0.5994935		0.6		0.2385459		0.799868		0.8		0.6634084
