Trend data for Model:	
Model time base:		8
Plot duration (secs):		1800

Plot information - trends












Plot information - trajectories














Tag-names		23LIC0001:Measurement		23LIC0001:InternalSetpoint		23LIC0001:ControllerOutput		23LIC0002:Measurement		23LIC0002:InternalSetpoint		23LIC0002:ControllerOutput
Units		fract		fract		fract		fract		fract		fract
Legend titles												
0		0.6003734		0.6		0.2476206		0.7511724		0.75		0.6698458
8		0.5987909		0.6		0.1476174		0.7503788		0.75		0.6697553
16		0.6004778		0.6		0.2532539		0.7490169		0.75		0.669452
24		0.6021559		0.6		0.3604629		0.7486262		0.75		0.6693687
32		0.6023054		0.6		0.3723414		0.7513327		0.75		0.6698786
40		0.6009119		0.6		0.285944		0.7468239		0.75		0.6688821
48		0.6003171		0.6		0.2484157		0.7489733		0.75		0.6692021
56		0.6001896		0.6		0.240357		0.7467192		0.75		0.6685895
64		0.5992928		0.6		0.1832574		0.7476888		0.75		0.6686417
72		0.5992784		0.6		0.1831018		0.7461557		0.75		0.6681477
80		0.5999402		0.6		0.2253062		0.7465382		0.75		0.6680307
88		0.5994293		0.6		0.1940011		0.7481231		0.75		0.6681542
96		0.6013241		0.6		0.3142702		0.7465485		0.75		0.6676395
104		0.5998993		0.6		0.2246416		0.7453095		0.75		0.6671555
112		0.6001685		0.6		0.2416132		0.7436953		0.75		0.666591
120		0.6003093		0.6		0.2509602		0.7454205		0.75		0.6666784
128		0.6008944		0.6		0.2887163		0.7444605		0.75		0.6661746
136		0.6012333		0.6		0.3111223		0.7461621		0.75		0.6662559
144		0.6000805		0.6		0.2384565		0.7447139		0.75		0.6656557
152		0.5995055		0.6		0.2013853		0.7456953		0.75		0.66557
160		0.6009973		0.6		0.2950328		0.7459679		0.75		0.6653477
168		0.6012944		0.6		0.3155165		0.7464378		0.75		0.6651696
176		0.6005835		0.6		0.2727522		0.7458849		0.75		0.6647838
184		0.5990597		0.6		0.1774915		0.7456449		0.75		0.6644447
192		0.5991097		0.6		0.1791593		0.7439146		0.75		0.663733
200		0.5999386		0.6		0.2294595		0.7446968		0.75		0.6636029
208		0.6005521		0.6		0.2684322		0.7459693		0.75		0.6635776
216		0.6017645		0.6		0.3466605		0.7463669		0.75		0.6633694
224		0.6017163		0.6		0.3465517		0.7452177		0.75		0.662858
232		0.5993463		0.6		0.1975734		0.745628		0.75		0.6626741
240		0.5972907		0.6		0.06614695		0.7468469		0.75		0.6626091
248		0.6001354		0.6		0.2434673		0.7448282		0.75		0.6618949
256		0.6011476		0.6		0.3077793		0.7476306		0.75		0.6622098
264		0.6014061		0.6		0.3262581		0.7485551		0.75		0.6621785
272		0.6008503		0.6		0.2932156		0.747158		0.75		0.661706
280		0.5986779		0.6		0.1561321		0.746755		0.75		0.6614172
288		0.6003965		0.6		0.2621919		0.7460729		0.75		0.6610479
296		0.5995936		0.6		0.2088771		0.7473111		0.75		0.6610726
304		0.6025824		0.65		0		0.747996		0.75		0.6610337
312		0.6024784		0.65		0		0.7487891		0.75		0.6610588
320		0.6056386		0.65		0.1076846		0.7480001		0.75		0.6608025
328		0.6101538		0.65		0.3085522		0.7513723		0.75		0.6615702
336		0.6119641		0.65		0.3446942		0.7554188		0.75		0.6624691
344		0.6133208		0.65		0.3551042		0.7519855		0.75		0.6619377
352		0.612487		0.65		0.2252661		0.7523747		0.75		0.66214
360		0.6105952		0.65		0.1529568		0.7496729		0.75		0.6617059
368		0.6128191		0.65		0.2154613		0.7504218		0.75		0.6619446
376		0.6140476		0.65		0.2194012		0.7528294		0.75		0.6626464
384		0.6157212		0.65		0.2557728		0.7542414		0.75		0.6631439
392		0.6177151		0.65		0.3139664		0.7542806		0.75		0.6634471
400		0.6169331		0.65		0.1973094		0.7537669		0.75		0.6636204
408		0.6170485		0.65		0.1374262		0.7543117		0.75		0.6639961
416		0.6178035		0.65		0.1195158		0.7544294		0.75		0.6642863
424		0.6193176		0.65		0.153186		0.7552996		0.75		0.6647776
432		0.623238		0.65		0.3437206		0.7557486		0.75		0.6652693
440		0.6236706		0.65		0.3177167		0.7569905		0.75		0.6659186
448		0.6239128		0.65		0.2790197		0.7575026		0.75		0.6664288
456		0.6204705		0.65		0.004231159		0.7548256		0.75		0.6662395
464		0.6238512		0.65		0.1809588		0.7566089		0.75		0.6669191
472		0.6269405		0.65		0.3259063		0.755043		0.75		0.6669803
480		0.6278212		0.65		0.33646		0.7562227		0.75		0.6676116
488		0.6273912		0.65		0.2649563		0.7572518		0.75		0.6682809
496		0.6252477		0.65		0.08246083		0.7558148		0.75		0.6683923
504		0.6257782		0.65		0.06587254		0.7559913		0.75		0.6688071
512		0.6284401		0.65		0.1872989		0.7577636		0.75		0.669547
520		0.6309367		0.65		0.3061008		0.7568046		0.75		0.6697767
528		0.6318983		0.65		0.3314928		0.7565176		0.75		0.6701693
536		0.6303518		0.65		0.1981438		0.7548465		0.75		0.6702022
544		0.6278935		0.65		0.002011199		0.7526276		0.75		0.6700628
552		0.6286907		0.65		0.06771819		0.7554675		0.75		0.6708817
560		0.6318441		0.65		0.2274527		0.7565356		0.75		0.6714056
568		0.6341879		0.65		0.3422463		0.7559458		0.75		0.6716107
576		0.6352608		0.65		0.3794168		0.7551678		0.75		0.6718084
584		0.6335134		0.65		0.2360696		0.7545163		0.75		0.6719348
592		0.633222		0.65		0.1823521		0.7544917		0.75		0.6721495
600		0.6321135		0.65		0.07665302		0.7523764		0.75		0.6719299
608		0.6337881		0.65		0.1498578		0.7528045		0.75		0.6722046
616		0.6370129		0.65		0.3258102		0.7531028		0.75		0.672468
624		0.6386865		0.65		0.4066494		0.7522724		0.75		0.6724976
632		0.6367831		0.65		0.2608535		0.7518071		0.75		0.6725351
640		0.6349145		0.65		0.114406		0.7510418		0.75		0.6724628
648		0.6355971		0.65		0.1268344		0.7495494		0.75		0.6721729
656		0.6385636		0.65		0.2863808		0.7504537		0.75		0.6723544
664		0.640055		0.65		0.3578583		0.7478306		0.75		0.6718261
672		0.6399131		0.65		0.3295297		0.7488327		0.75		0.6720165
680		0.6392456		0.65		0.2660832		0.7480583		0.75		0.6718226
688		0.6366309		0.65		0.07687126		0.7467399		0.75		0.6714264
696		0.6378604		0.65		0.1288845		0.7494786		0.75		0.6718373
704		0.6402538		0.65		0.257147		0.747934		0.75		0.6713915
712		0.6421767		0.65		0.3602746		0.7463638		0.75		0.6709516
720		0.64321		0.65		0.4099948		0.7474262		0.75		0.6710345
728		0.6408011		0.65		0.2418264		0.746366		0.75		0.6705961
736		0.6394199		0.65		0.1333776		0.7452739		0.75		0.670121
744		0.6392447		0.65		0.1004453		0.7440873		0.75		0.6695904
752		0.642131		0.65		0.2634698		0.7460043		0.75		0.6697201
760		0.644404		0.65		0.3934191		0.7448481		0.75		0.6692072
768		0.6435745		0.65		0.3284377		0.7445039		0.75		0.6688369
776		0.641032		0.65		0.1536572		0.7454007		0.75		0.6686787
784		0.6412759		0.65		0.1524484		0.7432261		0.75		0.6678614
792		0.6405155		0.65		0.0860573		0.7427216		0.75		0.6673238
800		0.6424131		0.65		0.1898184		0.7438076		0.75		0.6671378
808		0.6449425		0.65		0.3375579		0.7446841		0.75		0.6669462
816		0.6450757		0.65		0.3364685		0.7433849		0.75		0.6663302
824		0.6428565		0.65		0.1850788		0.7414597		0.75		0.6655404
832		0.6424443		0.65		0.1444535		0.7409728		0.75		0.6650073
840		0.6434166		0.65		0.1904137		0.7417871		0.75		0.6647005
848		0.6435642		0.65		0.1871177		0.7436083		0.75		0.6646222
856		0.6473348		0.65		0.4155024		0.7447568		0.75		0.664456
864		0.6465093		0.65		0.3567466		0.7474644		0.75		0.6646754
872		0.6430502		0.65		0.1292139		0.7433642		0.75		0.6634258
880		0.6425048		0.65		0.08260272		0.7428781		0.75		0.6628994
888		0.6435198		0.65		0.13266		0.7439858		0.75		0.6626763
896		0.6450129		0.65		0.2141133		0.7444322		0.75		0.662361
904		0.6494008		0.65		0.4848482		0.744204		0.75		0.6619801
912		0.6477277		0.65		0.3758845		0.7452091		0.75		0.6618885
920		0.6456788		0.65		0.2405731		0.7436759		0.75		0.6612677
928		0.6424272		0.65		0.02358892		0.7450881		0.75		0.6611941
936		0.6438008		0.65		0.09687499		0.7453943		0.75		0.6608933
944		0.6461389		0.65		0.232902		0.74451		0.75		0.6603412
952		0.6481763		0.65		0.3572661		0.747197		0.75		0.6606415
960		0.6494394		0.65		0.4360877		0.7486262		0.75		0.6607588
968		0.6485668		0.65		0.3772501		0.7449263		0.75		0.6598197
976		0.6431041		0.65		0.02201538		0.7465193		0.75		0.6598893
984		0.6437209		0.65		0.06378011		0.7458636		0.75		0.6595002
992		0.6455416		0.65		0.1700163		0.7477134		0.75		0.6596856
1000		0.6495029		0.65		0.4159108		0.7489685		0.75		0.6598336
1008		0.6492461		0.65		0.3995669		0.7511935		0.75		0.6602596
1016		0.6477152		0.65		0.2995178		0.7503714		0.75		0.6600208
1024		0.644068		0.65		0.05926967		0.7484768		0.75		0.6595373
1032		0.6450442		0.65		0.1335349		0.7509547		0.75		0.6599893
1040		0.6476206		0.65		0.287887		0.7496822		0.75		0.6596903
1048		0.6498427		0.65		0.4258233		0.7513647		0.75		0.6600751
1056		0.6494783		0.65		0.4022394		0.7510421		0.75		0.6601178
1064		0.6458724		0.65		0.1713004		0.751477		0.75		0.6602763
1072		0.6425665		0.65		0		0.7490912		0.75		0.6598137
1080		0.6450245		0.65		0.1424231		0.7512633		0.75		0.6603063
1088		0.6480966		0.65		0.3284708		0.7524785		0.75		0.6606136
1096		0.6504252		0.65		0.4737307		0.7515941		0.75		0.6606284
1104		0.6486576		0.65		0.3623013		0.7526001		0.75		0.66105
1112		0.6461226		0.65		0.1972833		0.753883		0.75		0.6615219
1120		0.6435429		0.65		0.07204671		0.7513015		0.75		0.6611443
1128		0.6440021		0.65		0.101165		0.7524298		0.75		0.6615017
1136		0.649287		0.65		0.4277034		0.7550789		0.75		0.6622825
1144		0.6493005		0.65		0.4276749		0.7549754		0.75		0.6625531
1152		0.6463815		0.65		0.2405435		0.7543145		0.75		0.6627313
1160		0.6432425		0.65		0.03288797		0.7522903		0.75		0.6625682
1168		0.6444269		0.65		0.09606454		0.7533998		0.75		0.6630252
1176		0.6453501		0.65		0.1439723		0.7546345		0.75		0.6635332
1184		0.6502861		0.65		0.4512291		0.7561318		0.75		0.6641421
1192		0.6500222		0.65		0.4347427		0.7579428		0.75		0.6648892
1200		0.6479581		0.65		0.3026612		0.755989		0.75		0.6648239
1208		0.6440754		0.65		0.04899498		0.754188		0.75		0.6647577
1216		0.6444853		0.65		0.11667		0.7549634		0.75		0.6651958
1224		0.6449444		0.65		0.1425755		0.7530377		0.75		0.6650693
1232		0.6485529		0.65		0.3658892		0.7568822		0.75		0.6661975
1240		0.6492373		0.65		0.4092505		0.756177		0.75		0.6664336
1248		0.6467638		0.65		0.2487596		0.7545602		0.75		0.6663993
1256		0.6438335		0.65		0.05454846		0.7550893		0.75		0.6667271
1264		0.6435753		0.65		0.0764487		0.7545397		0.75		0.666818
1272		0.6467439		0.65		0.2666005		0.7527015		0.75		0.6666966
1280		0.6491399		0.65		0.4133602		0.7549462		0.75		0.6674601
1288		0.6493782		0.65		0.4267334		0.7536805		0.75		0.6675159
1296		0.6463107		0.65		0.2278906		0.755027		0.75		0.6680569
1304		0.6443918		0.65		0.09738531		0.7513028		0.75		0.6675073
1312		0.6439443		0.65		0.05750104		0.7544302		0.75		0.6683395
1320		0.6470107		0.65		0.2425119		0.7538952		0.75		0.6684258
1328		0.6491066		0.65		0.371354		0.7525376		0.75		0.6683632
1336		0.6483285		0.65		0.3219009		0.75382		0.75		0.6688029
1344		0.6461504		0.65		0.1804586		0.7526461		0.75		0.6687493
1352		0.6441273		0.65		0.04336792		0.7512442		0.75		0.6685834
1360		0.6453835		0.65		0.1226766		0.7520788		0.75		0.6688237
1368		0.6483011		0.65		0.3002322		0.7512012		0.75		0.6687756
1376		0.6504556		0.65		0.4340955		0.7517845		0.75		0.6689916
1384		0.6493064		0.65		0.3601832		0.7519837		0.75		0.6691494
1392		0.6478028		0.65		0.2616057		0.7504142		0.75		0.6688665
1400		0.645383		0.65		0.1005978		0.7478674		0.75		0.6683255
1408		0.6458014		0.65		0.1177436		0.7499598		0.75		0.668739
1416		0.649104		0.65		0.3215467		0.750704		0.75		0.6689027
1424		0.6507478		0.65		0.4253927		0.7502004		0.75		0.6688316
1432		0.6479456		0.65		0.2471103		0.7507165		0.75		0.668973
1440		0.6469063		0.65		0.1761534		0.7479414		0.75		0.6683646
1448		0.6464985		0.65		0.1432295		0.7494547		0.75		0.668574
1456		0.6486324		0.65		0.2705074		0.7465587		0.75		0.6678321
1464		0.6486552		0.65		0.2694019		0.7492944		0.75		0.6683015
1472		0.6507765		0.65		0.4049701		0.7514061		0.75		0.668646
1480		0.6485593		0.65		0.2645026		0.7461509		0.75		0.6674772
1488		0.6461595		0.65		0.1079261		0.7471133		0.75		0.667538
1496		0.64543		0.65		0.05294058		0.7468022		0.75		0.6672912
1504		0.6481654		0.65		0.2191532		0.7490529		0.75		0.6675605
1512		0.6510787		0.65		0.4022155		0.7494586		0.75		0.6675265
1520		0.6507594		0.65		0.385474		0.7481921		0.75		0.6671344
1528		0.6493263		0.65		0.295592		0.7470493		0.75		0.6667166
1536		0.646562		0.65		0.1157408		0.7452639		0.75		0.6661238
1544		0.6462928		0.65		0.1066253		0.7446794		0.75		0.665753
1552		0.6489012		0.65		0.2645873		0.7467668		0.75		0.665938
1560		0.651927		0.65		0.4547814		0.7480943		0.75		0.6659735
1568		0.6519159		0.65		0.4576379		0.7455376		0.75		0.6653002
1576		0.6477379		0.65		0.1940086		0.7464989		0.75		0.6653118
1584		0.6453571		0.65		0.03865919		0.7459044		0.75		0.6648951
1592		0.64562		0.65		0.04894177		0.7448065		0.75		0.6643469
1600		0.6485427		0.65		0.2306782		0.7470052		0.75		0.6644941
1608		0.6518767		0.65		0.4412534		0.7477109		0.75		0.6644582
1616		0.6528923		0.65		0.5090518		0.7467544		0.75		0.6640602
1624		0.6499028		0.65		0.3214023		0.7471058		0.75		0.6639206
1632		0.64513		0.65		0.01415091		0.7426348		0.75		0.662743
1640		0.6455452		0.65		0.07259906		0.7439513		0.75		0.6626854
1648		0.6496762		0.65		0.3278032		0.747596		0.75		0.6631622
1656		0.6509112		0.65		0.4052255		0.7483755		0.75		0.663182
1664		0.6516989		0.65		0.4569959		0.7477645		0.75		0.6628878
1672		0.6477644		0.65		0.2080649		0.748803		0.75		0.662948
1680		0.6465199		0.65		0.1236248		0.7463443		0.75		0.6622122
1688		0.6466114		0.65		0.1207854		0.7453556		0.75		0.6617636
1696		0.6475775		0.65		0.1753235		0.7470917		0.75		0.6619011
1704		0.6518855		0.65		0.4480692		0.7464411		0.75		0.6616
1712		0.6519634		0.65		0.4555176		0.7487819		0.75		0.6619836
1720		0.6487025		0.65		0.2483487		0.7471576		0.75		0.6615599
1728		0.6464635		0.65		0.1020829		0.7508054		0.75		0.6621922
1736		0.6470324		0.65		0.1314923		0.7477789		0.75		0.6614344
1744		0.6489062		0.65		0.2457871		0.7491782		0.75		0.6616576
1752		0.6503514		0.65		0.3365075		0.7504632		0.75		0.6618738
1760		0.6507062		0.65		0.3610974		0.7500527		0.75		0.6617709
1768		0.6480715		0.65		0.1943863		0.7475412		0.75		0.6612272
1776		0.6480545		0.65		0.1873417		0.7481378		0.75		0.661301
1784		0.6469103		0.65		0.1092435		0.7491507		0.75		0.6614569
1792		0.6496431		0.65		0.2790003		0.750382		0.75		0.6616944
1800		0.6529618		0.65		0.4897362		0.7515337		0.75		0.661961
