Trend data for Model:	
Model time base:		72
Plot duration (secs):		24624

Plot information - trends












Plot information - trajectories














Tag-names		24_PC1024:Measurement		24_PC1024:InternalSetpoint		24_PC1024:ControllerOutput		24_FC1005:Measurement		24_FC1005:InternalSetpoint		24_FC1005:ControllerOutput		24_FC1019:Measurement		24_FC1019:InternalSetpoint		24_FC1019:ControllerOutput		24_LC1016:Measurement		24_LC1016:InternalSetpoint		24_LC1016:ControllerOutput		24_LC1015:Measurement		24_LC1015:InternalSetpoint		24_LC1015:ControllerOutput		24_FC1015:Measurement		24_FC1015:InternalSetpoint		24_FC1015:ControllerOutput		24_LC1028:Measurement		24_LC1028:InternalSetpoint		24_LC1028:ControllerOutput		24_TC1015:Measurement		24_TC1015:InternalSetpoint		24_TC1015:ControllerOutput		24_TC1088:Measurement		24_TC1088:InternalSetpoint		24_TC1088:ControllerOutput
Units		barg		barg		%		t/h		t/h		%		t/h		t/h		%		%		%		t/h		%		%		t/h		t/h		t/h		%		%		%		%		C		C		t/h		C		C		%
Legend titles																																																						
0		3.785464		3.78675		39.69231		11.37423		11.46283		54		23.61747		23.57172		80.9918		54.02178		54		11.46283		39.81862		40		23.57172		97.97373		97.48655		53.99512		52.84836		53.02935		52.86183		35.05244		35.3		97.48655		48.23402		48.51		53.02935
72		3.786399		3.78675		39.96841		12.12856		12.40368		55.75437		23.45501		23.50526		80.90558		54.24732		54		12.40368		39.80449		40		23.49827		96.03301		95.15324		52.18165		52.9104		52.95769		59.46701		35.06653		35.3		97.7413		48.25125		48.51		53.06508
144		3.788119		3.78675		40.47628		13.67578		13.67096		58.23749		23.38038		23.31493		80.44119		54.52826		54		13.67096		39.72162		40		23.22052		95.8313		97.32166		53.43255		52.69107		52.60724		65.60054		35.05415		35.3		93.90676		48.22782		48.51		52.69275
216		3.790317		3.78675		41.12471		14.57788		14.64908		60.38567		22.87359		22.67383		78.94087		54.715		54		14.64908		39.54626		40		22.65358		95.01867		98.47571		54.78106		52.81675		52.79892		62.27865		35.06097		35.3		93.19566		48.24828		48.51		52.76604
288		3.787477		3.78675		40.30418		15.01197		15.23962		61.67305		21.77263		21.58994		76.46521		54.79489		54		15.23962		39.24463		40		21.66791		95.41652		98.56027		55.28398		52.94101		52.98824		58.92628		35.1014		35.3		97.88816		48.29458		48.51		53.11004
360		3.787773		3.78675		40.39518		15.36946		15.54136		62.55124		21.0051		20.7803		74.57341		54.7975		54		15.54136		39.00467		40		20.8161		95.49477		98.89098		55.52165		53.04937		53.20798		53.6738		35.12068		35.3		99.29239		48.30208		48.51		53.07677
432		3.786593		3.78675		40.05549		15.50227		15.43817		62.41782		20.49083		20.31047		73.5183		54.70215		54		15.43817		38.94939		40		20.47616		95.58803		93.44842		54.69776		53.25318		53.28794		59.19216		35.0982		35.3		94.16635		48.31882		48.51		53.14763
504		3.789175		3.78675		40.81298		15.27534		15.46261		62.58768		20.1834		20.1541		72.98025		54.64513		54		15.46261		38.91426		40		20.18641		95.25386		97.98813		54.98306		53.36226		53.31966		62.74387		35.12684		35.3		97.18739		48.34973		48.51		53.37177
576		3.78673		3.78675		40.10255		15.49521		15.32838		62.26737		19.98404		20.27127		72.96883		54.55314		54		15.32838		38.99555		40		20.2342		94.83543		94.02033		54.09702		53.32324		53.41869		55.9245		35.11176		35.3		93.34884		48.38011		48.51		53.59991
648		3.785432		3.78675		39.72458		15.40669		15.85296		62.97352		20.09184		20.12433		72.69264		54.63044		54		15.85296		38.99276		40		20.04881		94.5202		95.38586		54.56645		53.56943		53.49942		63.65132		35.12695		35.3		94.37962		48.39042		48.51		53.63509
720		3.787193		3.78675		40.23732		15.43981		15.01415		61.7979		19.963		20.07946		72.66264		54.37322		54		15.01415		39.03113		40		19.99027		94.94882		94.86984		53.94955		53.59621		53.5136		64.16046		35.12856		35.3		93.31384		48.40303		48.51		53.70065
792		3.786985		3.78675		40.17532		15.30498		14.88752		61.43544		20.01733		19.97232		72.4768		54.30311		54		14.88752		39.12066		40		20.08743		95.73797		97.07418		54.16585		53.70744		53.82324		54.68619		35.14255		35.3		94.2813		48.42055		48.51		53.82415
864		3.787914		3.78675		40.44356		14.68959		14.99861		61.57802		20.05315		20.11289		72.7318		54.30148		54		14.99861		39.17657		40		20.1003		94.9019		95.53306		53.6825		53.839		53.94746		55.23209		35.16777		35.3		97.08285		48.40334		48.51		53.60611
936		3.788428		3.78675		40.58888		14.42014		14.68913		61.09681		20.28987		20.21028		72.98732		54.20258		54		14.68913		39.30783		40		20.34795		95.11978		97.08122		53.83687		53.82339		53.7681		63.89413		35.1698		35.3		96.272		48.43747		48.51		53.91002
1008		3.785734		3.78675		39.79662		14.39131		14.32696		60.20794		20.48928		20.49348		73.47149		54.09788		54		14.32696		39.37293		40		20.42222		95.20262		94.79498		52.69443		53.92927		53.88322		63.22512		35.14404		35.3		91.09856		48.45017		48.51		54.00351
1080		3.786478		3.78675		40.00796		14.20728		14.09112		59.95844		20.57656		20.55495		73.84795		54.0295		54		14.09112		39.54292		40		20.8169		94.17786		95.34478		53.19458		54.08633		54.1375		58.32455		35.16301		35.3		93.07799		48.46056		48.51		54.07909
1152		3.785122		3.78675		39.60556		14.0502		13.27474		58.65956		20.79012		20.82341		74.2968		53.82181		54		13.27474		39.5909		40		20.87424		93.56306		93.73805		52.7195		54.07776		54.16901		56.47916		35.16803		35.3		92.90047		48.47954		48.51		54.24539
1224		3.78532		3.78675		39.65668		13.54863		13.9968		59.39938		20.78094		20.99748		74.72506		54.0068		54		13.9968		39.63717		40		20.93875		94.94668		94.57056		52.38973		54.13701		54.19852		58.2341		35.17523		35.3		93.1157		48.47067		48.51		54.13577
1296		3.785451		3.78675		39.68676		13.54982		13.66096		58.70352		21.08031		21.27128		75.16426		53.9299		54		13.66096		39.71672		40		21.11255		94.90974		96.11795		52.40891		54.26085		54.12989		67.1374		35.20529		35.3		96.99118		48.47438		48.51		54.15515
1368		3.784547		3.78675		39.41584		13.45962		13.5394		58.31014		21.33849		21.20091		75.37201		53.90936		54		13.5394		39.78934		40		21.28253		94.75396		96.62452		52.36991		54.3044		54.23979		63.84722		35.18704		35.3		93.2658		48.49732		48.51		54.37044
1440		3.785237		3.78675		39.60941		13.26833		13.31081		57.93973		21.39354		21.34231		75.76978		53.86491		54		13.31081		39.88038		40		21.51743		94.86753		94.41013		51.84885		54.2096		54.37396		52.62191		35.20794		35.3		95.78386		48.49086		48.51		54.29279
1512		3.784886		3.78675		39.49801		13.25794		12.88522		57.19603		21.54505		21.62363		76.13929		53.77343		54		12.88522		39.96406		40		21.73953		96.10656		96.86384		52.28453		54.21202		54.44217		49.1017		35.20751		35.3		94.97564		48.47942		48.51		54.16673
1584		3.787128		3.78675		40.14357		12.93762		12.86499		56.86068		21.71505		21.76759		76.49223		53.78817		54		12.86499		39.9576		40		21.7096		94.52286		92.2943		51.35755		54.29186		54.45326		52.31076		35.21412		35.3		95.30615		48.50277		48.51		54.39141
1656		3.786018		3.78675		39.81009		12.81415		12.5275		56.48221		21.98278		21.96573		76.89629		53.72406		54		12.5275		40.03022		40		21.91965		95.09799		99.19319		52.19241		54.24052		54.29132		58.1037		35.23706		35.3		98.2622		48.4907		48.51		54.26096
1728		3.786643		3.78675		39.98383		12.88312		12.49184		56.30645		21.99698		21.91689		77.18819		53.73479		54		12.49184		40.06435		40		22.02837		96.10248		99.21944		52.51502		54.34055		54.32578		61.29792		35.22633		35.3		95.93399		48.48988		48.51		54.24365
1800		3.783449		3.78675		39.04428		12.27898		11.84246		55.51072		22.153		22.11137		77.49162		53.59612		54		11.84246		40.10967		40		22.17636		95.06937		94.22434		51.60507		54.13208		54.11721		61.39281		35.21588		35.3		93.68609		48.4993		48.51		54.33014
1872		3.785726		3.78675		39.7007		12.39663		12.26123		55.54617		22.26044		22.21304		77.62102		53.7271		54		12.26123		40.17376		40		22.38122		95.719		93.3531		50.94411		54.36458		54.27074		65.21839		35.19718		35.3		90.14454		48.4873		48.51		54.20257
1944		3.783744		3.78675		39.1132		12.25654		12.61387		56.38247		22.4072		22.54863		78.32458		53.83699		54		12.61387		40.14806		40		22.33523		95.4692		94.15276		51.16347		54.16221		54.12981		62.17999		35.22138		35.3		93.4254		48.50365		48.51		54.35716
2016		3.788334		3.78675		40.44356		12.36632		12.37821		56.08184		22.52472		22.55753		78.41015		53.7957		54		12.37821		40.21971		40		22.57652		94.63843		97.22976		52.29289		54.17425		54.19498		59.89898		35.23404		35.3		94.92696		48.47595		48.51		54.069
2088		3.784433		3.78675		39.29813		12.47573		12.07181		55.32821		22.41318		22.47902		78.24741		53.7384		54		12.07181		40.13052		40		22.34742		96.29584		96.80166		52.013		54.16618		54.19609		59.39269		35.23859		35.3		95.17424		48.49252		48.51		54.2261
2160		3.78466		3.78675		39.35783		12.14228		12.01068		55.05515		22.38864		22.3169		78.14716		53.74566		54		12.01068		40.15706		40		22.44982		95.96821		94.42891		51.58319		54.24122		54.01931		71.41842		35.24236		35.3		95.32687		48.49037		48.51		54.19652
2232		3.785585		3.78675		39.61999		12.23341		12.29421		55.30476		22.54657		22.53237		78.5368		53.83923		54		12.29421		40.24283		40		22.72871		95.50822		92.87906		51.26244		54.1515		54.24263		56.49557		35.2371		35.3		94.05656		48.49245		48.51		54.20836
2304		3.787355		3.78675		40.12962		12.00771		11.96619		55.15165		22.64721		22.51636		78.8226		53.77623		54		11.96619		40.2905		40		22.90505		96.08315		95.36907		51.61065		54.19687		54.29962		56.21973		35.25189		35.3		95.9916		48.50001		48.51		54.27358
2376		3.785899		3.78675		39.69907		11.84399		12.14902		55.45801		22.70588		22.81966		79.20278		53.84088		54		12.14902		40.19925		40		22.68272		96.55642		96.80667		51.96389		54.12616		54.11418		61.39897		35.25328		35.3		95.83562		48.4915		48.51		54.17699
2448		3.785719		3.78675		39.6403		12.13179		11.99393		54.91482		22.78607		22.81299		79.13187		53.82026		54		11.99393		40.19328		40		22.70462		95.36308		95.50716		51.80193		54.04934		54.10069		58.7395		35.26838		35.3		97.86611		48.48291		48.51		54.07882
2520		3.786836		3.78675		39.96045		11.86793		12.07509		55.1741		22.83784		22.70394		79.02302		53.85797		54		12.07509		40.20794		40		22.78475		96.26575		96.69706		51.96407		54.11717		54.11569		61.15095		35.2497		35.3		94.56983		48.49459		48.51		54.18357
2592		3.786125		3.78675		39.74696		11.91461		12.06443		55.17029		22.93553		22.93493		79.31851		53.87096		54		12.06443		40.16818		40		22.70853		96.92218		95.66297		51.86208		54.00551		53.91438		65.68207		35.27308		35.3		97.95547		48.47596		48.51		53.98224
2664		3.786147		3.78675		39.74652		12.02167		11.91925		54.99925		22.90201		22.86454		79.32476		53.84871		54		11.91925		40.24179		40		22.96073		96.02492		95.77245		51.93483		53.94823		54.05173		55.95226		35.25365		35.3		94.56687		48.48923		48.51		54.10019
2736		3.789796		3.78675		40.80606		12.00692		12.13749		55.16294		22.86271		22.99351		79.47153		53.91588		54		12.13749		40.20412		40		22.88834		95.99022		98.46631		52.84669		53.98668		54.10195		55.31762		35.2911		35.3		100.228		48.49034		48.51		54.0963
2808		3.787307		3.78675		40.07598		11.77687		11.68463		54.50322		22.86548		22.88979		79.35881		53.81772		54		11.68463		40.16908		40		22.8212		96.76039		96.74634		52.04338		53.94594		53.90305		62.50868		35.29505		35.3		100.5895		48.47873		48.51		53.96456
2880		3.784683		3.78675		39.30689		11.65883		11.61808		54.58467		22.90264		22.86811		79.31524		53.81558		54		11.61808		40.19645		40		22.93267		96.56842		94.86768		51.90109		53.91383		53.99938		56.68951		35.26578		35.3		95.70787		48.47759		48.51		53.93748
2952		3.786711		3.78675		39.89476		11.69342		12.02995		55.12426		23.05543		23.05161		79.64716		53.93163		54		12.02995		40.23901		40		23.09229		95.47542		95.89986		52.22495		53.85023		54.01552		52.95944		35.25856		35.3		94.32402		48.48024		48.51		53.94733
3024		3.785685		3.78675		39.5937		11.78436		11.7466		54.75263		23.10142		23.07135		79.73923		53.87144		54		11.7466		40.22429		40		23.08703		96.22829		96.21587		52.1004		53.88087		53.92153		58.83437		35.26425		35.3		95.00576		48.46259		48.51		53.75216
3096		3.785021		3.78675		39.39774		11.8851		12.05555		54.91193		23.12182		23.13673		79.74657		53.9587		54		12.05555		40.20432		40		23.06532		96.20323		98.61446		52.7305		53.76905		53.76909		60.76882		35.28438		35.3		97.99209		48.48406		48.51		53.94869
3168		3.789357		3.78675		40.66046		11.8027		12.08995		54.99887		23.04147		23.10133		79.71331		53.97615		54		12.08995		40.15391		40		22.95093		96.92134		98.79589		52.8315		53.76005		53.84239		56.82086		35.28087		35.3		97.247		48.47835		48.51		53.87236
3240		3.788172		3.78675		40.31224		11.66196		11.47937		54.40976		23.04181		23.09994		79.67737		53.83221		54		11.47937		40.16281		40		23.00585		97.43191		94.12482		52.10736		53.81598		53.69736		66.68662		35.25812		35.3		93.47086		48.46418		48.51		53.71049
3312		3.788902		3.78675		40.52404		11.76353		11.90473		54.87287		23.10376		23.0599		79.63701		53.94736		54		11.90473		40.14761		40		22.98986		96.09494		100.062		53.38936		53.73982		53.58441		68.43723		35.2892		35.3		98.22198		48.47032		48.51		53.75207
3384		3.784537		3.78675		39.24895		11.54739		11.57246		54.61606		23.21227		23.04476		79.74611		53.87204		54		11.57246		40.22144		40		23.235		96.78752		95.21778		52.21964		53.65575		53.88152		50.11775		35.27906		35.3		96.453		48.44788		48.51		53.50486
3456		3.784945		3.78675		39.36782		11.82578		11.89235		54.6187		23.03803		23.17267		79.96488		53.96005		54		11.89235		40.15093		40		23.06053		97.43047		97.05746		52.64412		53.65893		53.70456		58.58321		35.27007		35.3		94.88523		48.47534		48.51		53.75901
3528		3.788433		3.78675		40.38509		11.85411		12.00895		54.93008		23.11289		22.95044		79.69321		53.99547		54		12.00895		40.17469		40		23.15697		96.61737		97.4227		52.60735		53.5632		53.76688		51.11429		35.28643		35.3		97.33368		48.44538		48.51		53.43567
3600		3.788285		3.78675		40.34216		11.90394		11.67785		54.73675		23.00094		23.02328		79.77423		53.91624		54		11.67785		40.14424		40		23.09313		96.52873		97.73037		52.92077		53.6893		53.39596		74.81153		35.28429		35.3		96.8671		48.46114		48.51		53.57116
3672		3.788313		3.78675		40.34938		12.07147		11.80112		54.94773		23.09701		23.04167		79.65623		53.94835		54		11.80112		40.13248		40		23.08114		96.94478		95.34259		52.85591		53.54007		53.47602		64.08555		35.2811		35.3		96.24002		48.47294		48.51		53.6655
3744		3.784848		3.78675		39.33758		11.91232		12.04239		55.42259		22.98837		22.96076		79.54751		54.00882		54		12.04239		40.08734		40		22.96785		97.07508		96.17252		53.22643		53.58363		53.54752		62.69394		35.28501		35.3		96.74715		48.46258		48.51		53.53734
3816		3.78612		3.78675		39.70909		11.94876		11.9953		55.10147		22.93021		22.80414		79.30722		53.99864		54		11.9953		40.03824		40		22.83941		97.19579		96.66785		53.31871		53.53788		53.71382		52.72356		35.29027		35.3		97.48227		48.45893		48.51		53.47756
3888		3.787437		3.78675		40.09423		11.77524		11.47519		54.45818		22.94824		22.8834		79.25677		53.87316		54		11.47519		40.07759		40		22.96381		97.57699		97.63248		53.35565		53.54464		53.52256		62.53572		35.28201		35.3		96.08535		48.46441		48.51		53.51076
3960		3.785531		3.78675		39.53937		11.69372		11.53801		54.31773		22.98819		23.07661		79.64861		53.896		54		11.53801		40.0968		40		23.03208		97.23546		98.44628		53.43365		53.42121		53.51988		56.40263		35.28884		35.3		97.08249		48.45745		48.51		53.41868
4032		3.786989		3.78675		39.96808		11.79624		11.75022		54.56419		23.10587		22.9351		79.63379		53.95497		54		11.75022		40.12853		40		23.1422		97.74591		99.07318		53.54476		53.41316		53.39476		62.04634		35.29087		35.3		97.32095		48.47074		48.51		53.52956
4104		3.78603		3.78675		39.68993		11.76842		12.06004		55.11534		23.19905		23.23837		80.05352		54.0365		54		12.06004		40.14614		40		23.21617		97.51831		97.20666		53.09237		53.27806		53.29331		60.3708		35.2707		35.3		94.04353		48.46386		48.51		53.43586
4176		3.787917		3.78675		40.24129		11.87704		12.16329		55.34976		23.11552		23.1857		80.0407		54.06333		54		12.16329		40.10292		40		23.11339		96.95532		96.64592		53.08448		53.30921		53.221		65.43639		35.2785		35.3		95.20092		48.44559		48.51		53.22719
4248		3.786534		3.78675		39.83925		11.90772		11.94044		55.29174		23.07542		22.95877		79.6449		54.00562		54		11.94044		40.04749		40		22.96884		97.87337		99.96202		54.28376		53.34014		53.23812		65.57613		35.2896		35.3		96.90779		48.45953		48.51		53.34177
4320		3.787797		3.78675		40.20917		11.93409		12.06656		55.38309		22.9036		23.06103		79.65021		54.03624		54		12.06656		40.09799		40		23.12493		96.97803		97.25611		53.61037		53.32928		53.47625		53.44288		35.29698		35.3		98.00811		48.46012		48.51		53.32384
4392		3.787856		3.78675		40.22762		12.06033		11.74002		54.74016		22.96483		22.87957		79.29999		53.95466		54		11.74002		40.01891		40		22.901		96.36678		98.74608		53.83532		53.31695		53.30673		61.17713		35.30333		35.3		98.95979		48.45746		48.51		53.27439
4464		3.786371		3.78675		39.79653		11.91837		12.23968		55.42654		22.98047		23.1081		79.61252		54.08047		54		12.23968		40.04483		40		22.98224		96.7702		97.09504		53.68741		53.30772		53.1963		65.8122		35.30756		35.3		99.58356		48.46958		48.51		53.37333
4536		3.786247		3.78675		39.76376		11.8914		11.69491		54.68964		23.05896		23.03406		79.5656		53.94539		54		11.69491		40.06595		40		23.05206		97.34739		96.78715		53.63209		53.36162		53.05052		75.59424		35.30944		35.3		99.84114		48.46739		48.51		53.32861
4608		3.788704		3.78675		40.48461		11.76562		11.69039		54.69766		23.03576		22.99455		79.65118		53.94735		54		11.69039		40.06739		40		23.0676		97.62155		97.19152		53.70658		53.28144		53.23976		62.80952		35.3009		35.3		98.45058		48.46303		48.51		53.26164
4680		3.784311		3.78675		39.20752		11.75593		11.52917		54.61405		23.02429		22.98315		79.65511		53.91067		54		11.52917		40.07081		40		23.08848		98.12994		97.49551		53.38472		53.31343		53.30628		61.04425		35.2905		35.3		96.76292		48.45581		48.51		53.16565
4752		3.789019		3.78675		40.58476		11.83835		12.08548		55.17717		23.10155		23.0813		79.74735		54.05228		54		12.08548		40.0659		40		23.08607		97.28692		98.42147		53.89541		53.21592		53.28888		57.4968		35.30545		35.3		99.09682		48.47016		48.51		53.28693
4824		3.790197		3.78675		40.93329		12.0005		12.05872		55.22482		23.12106		23.05479		79.72664		54.04483		54		12.05872		40.07884		40		23.13552		97.8789		97.55686		54.09737		53.2204		53.21081		61.19564		35.29692		35.3		97.72229		48.48343		48.51		53.39705
4896		3.785717		3.78675		39.62983		11.72799		11.94885		55.30995		23.00655		23.12188		79.7366		54.01655		54		11.94885		40.11673		40		23.2547		98.20586		95.00233		53.43758		53.19491		53.1189		64.32894		35.2849		35.3		95.7873		48.45056		48.51		53.04396
4968		3.787336		3.78675		40.10633		11.89851		12.03057		55.47408		22.97893		23.04907		79.62515		54.03492		54		12.03057		40.04834		40		23.06223		97.99612		97.85161		54.20723		53.16835		53.12039		62.95365		35.30536		35.3		99.00498		48.46175		48.51		53.13369
5040		3.786063		3.78675		39.73875		12.11508		11.90107		55.02574		23.07245		22.95385		79.45968		54.0005		54		11.90107		39.98121		40		22.87264		97.71279		97.51253		53.84759		53.13499		53.08031		63.56712		35.31312		35.3		100.2025		48.45083		48.51		53.00212
5112		3.786259		3.78675		39.79991		12.02766		11.93021		55.32198		22.9607		22.86976		79.3693		54.00525		54		11.93021		39.97624		40		22.86137		98.70219		99.08767		54.33545		53.03525		53.08768		58.57808		35.30313		35.3		98.60169		48.48898		48.51		53.3631
5184		3.784303		3.78675		39.23323		12.21575		12.0484		55.23961		23.03241		23.06858		79.49253		54.03251		54		12.0484		40.03812		40		23.04313		98.11266		99.18199		54.51928		53.12583		53.09878		62.53638		35.31637		35.3		100.6843		48.46057		48.51		53.05635
5256		3.788057		3.78675		40.3308		11.76643		12.22673		55.75896		22.91924		22.95616		79.39176		54.07632		54		12.22673		39.96256		40		22.82419		98.22218		99.87156		54.24927		53.06844		52.9931		65.22798		35.31303		35.3		100.1301		48.47327		48.51		53.16338
5328		3.788565		3.78675		40.48254		11.88755		12.111		55.63035		22.97958		22.84795		79.23977		54.0449		54		12.111		39.98629		40		22.89302		98.17267		99.12517		54.7538		53.23792		53.18492		63.99843		35.3041		35.3		98.70819		48.47294		48.51		53.13997
5400		3.784591		3.78675		39.32723		11.85397		11.79123		55.13071		22.89101		23.1511		79.70914		53.96452		54		11.79123		40.01321		40		22.97381		98.19831		95.42768		53.78957		53.07711		52.94021		68.06664		35.29068		35.3		96.56768		48.46937		48.51		53.08388
5472		3.786915		3.78675		40.00892		11.98668		11.34493		54.56971		22.9244		22.90312		79.35691		53.8519		54		11.34493		39.96342		40		22.83018		97.8181		96.06503		54.09918		53.03904		53.28961		49.22921		35.3006		35.3		98.12995		48.46427		48.51		53.01341
5544		3.784558		3.78675		39.32468		11.87894		12.05948		55.47924		23.06177		23.01893		79.4755		54.03113		54		12.05948		40.01932		40		22.99449		97.64169		97.07882		54.16373		53.09462		53.17488		57.22913		35.3005		35.3		98.09998		48.47712		48.51		53.12297
5616		3.786842		3.78675		39.99415		11.88108		11.74516		55.15728		23.0167		22.82723		79.3606		53.9516		54		11.74516		40.00967		40		22.97087		98.04904		97.09241		53.95472		53.06222		53.08829		60.24508		35.29812		35.3		97.70953		48.47931		48.51		53.12506
5688		3.787583		3.78675		40.2145		12.14603		11.77604		55.11152		23.00441		23.02552		79.51564		53.95767		54		11.77604		39.98267		40		22.89612		97.19073		99.96235		54.96834		52.90383		53.04186		54.71961		35.31631		35.3		100.5902		48.47445		48.51		53.05735
5760		3.785597		3.78675		39.6403		12.05839		11.85207		55.0874		23.06205		22.80907		79.27145		53.97702		54		11.85207		40.00016		40		22.94955		98.2826		98.53035		54.63851		53.024		53.1843		53.69249		35.29828		35.3		97.73744		48.46956		48.51		52.98996
5832		3.78789		3.78675		40.31385		11.92079		11.98818		55.23132		22.89756		22.92672		79.3778		54.01242		54		11.98818		40.00975		40		22.97755		98.04179		100.1434		54.90871		53.04798		52.89825		68.50053		35.30792		35.3		99.26426		48.47645		48.51		53.04222
5904		3.785717		3.78675		39.68455		11.82928		11.90092		55.15229		23.05856		23.07388		79.57699		53.99256		54		11.90092		40.01488		40		22.99536		98.07518		97.5105		54.33002		53.11643		53.01089		66.23973		35.29777		35.3		97.65371		48.49853		48.51		53.24709
5976		3.788031		3.78675		40.36441		11.85343		11.99688		55.43136		23.18451		23.00879		79.43954		54.01633		54		11.99688		40.09843		40		23.24237		98.77841		98.22346		54.28372		53.04744		52.85311		70.75526		35.29753		35.3		97.60757		48.48486		48.51		53.09256
6048		3.785094		3.78675		39.51099		12.09944		12.03084		55.58278		22.98657		22.85094		79.50154		54.02141		54		12.03084		40.05598		40		23.12479		98.31458		98.75461		54.6592		52.98708		52.9724		62.09817		35.30052		35.3		98.07485		48.47006		48.51		52.92588
6120		3.784786		3.78675		39.42464		12.15722		12.06944		55.6553		23.06489		22.99036		79.36262		54.02668		54		12.06944		40.03405		40		23.06281		98.09148		99.39758		54.92222		52.92567		52.98423		58.78183		35.29256		35.3		96.81375		48.48209		48.51		53.02985
6192		3.787143		3.78675		40.11822		11.95025		12.0975		55.51416		22.85618		22.8088		79.12206		54.03216		54		12.0975		39.99636		40		22.94918		98.53324		100.1645		55.60532		52.99626		52.82076		69.54138		35.31285		35.3		100.0562		48.49109		48.51		53.10612
6264		3.786033		3.78675		39.79653		11.90907		11.9428		55.11074		22.82423		22.97163		79.36703		53.99619		54		11.9428		39.98155		40		22.90188		97.83481		97.08042		53.8955		53.08719		53.0767		61.94345		35.29735		35.3		97.57439		48.48844		48.51		53.06502
6336		3.788732		3.78675		40.58758		12.08372		11.97621		55.43355		22.94421		22.98231		79.59666		54.00296		54		11.97621		40.02839		40		23.03866		97.69366		100.1597		54.7277		52.97771		52.98223		61.31981		35.32611		35.3		102.1202		48.48471		48.51		53.0121
6408		3.787744		3.78675		40.30359		12.07771		12.06162		55.54974		23.08527		22.9377		79.63372		54.02147		54		12.06162		40.07708		40		23.18765		99.07428		98.57811		55.10347		52.96545		52.71643		73.85521		35.29691		35.3		97.52034		48.49006		48.51		53.05038
6480		3.787535		3.78675		40.24488		11.92782		11.99308		55.43284		22.90098		22.84012		79.2131		54.00413		54		11.99308		39.96763		40		22.87081		97.36521		96.94681		54.59423		53.00857		52.95084		64.00765		35.30478		35.3		98.76144		48.49075		48.51		53.04279
6552		3.785612		3.78675		39.68774		11.99166		11.906		55.36237		22.91609		22.85108		79.17845		53.98135		54		11.906		39.99918		40		22.95736		97.83583		100.3812		55.25314		52.97785		53.07565		56.20518		35.30214		35.3		98.34698		48.47289		48.51		52.85025
6624		3.788087		3.78675		40.4129		12.26705		12.27052		55.58421		22.98522		22.94325		79.40547		54.07138		54		12.27052		40.01761		40		23.01104		97.5135		96.31577		54.57952		52.94316		52.98348		59.30234		35.30621		35.3		98.98873		48.49278		48.51		53.03668
6696		3.788745		3.78675		40.60844		12.22512		11.84335		55.13279		22.91451		22.99827		79.46937		53.96271		54		11.84335		39.97023		40		22.87433		98.34546		100.7836		55.236		52.94837		52.88116		64.24153		35.28941		35.3		96.33232		48.50375		48.51		53.13374
6768		3.786405		3.78675		39.92924		11.87353		11.85214		55.32352		23.0418		22.94266		79.28386		53.96491		54		11.85214		39.97926		40		22.89991		98.19857		98.03937		54.72402		52.90255		53.13708		49.97004		35.27771		35.3		94.48566		48.48193		48.51		52.90268
6840		3.788772		3.78675		40.62406		11.93212		11.86633		55.19894		22.97256		23.02757		79.45929		53.96957		54		11.86633		40.04466		40		23.08929		98.99539		98.74763		54.97603		52.83268		53.08523		48.97816		35.28217		35.3		95.20287		48.49762		48.51		53.04848
6912		3.7885		3.78675		40.54803		11.81948		12.14396		55.66347		22.99353		23.02918		79.48666		54.04026		54		12.14396		40.03702		40		23.06859		98.26368		95.97504		54.1878		53.00798		53.0151		61.03063		35.28129		35.3		95.05437		48.48627		48.51		52.92248
6984		3.786111		3.78675		39.85589		12.09475		12.1095		55.60526		22.95535		23.15035		79.66311		54.02982		54		12.1095		40.064		40		23.14814		97.70725		99.86084		55.22226		52.95796		53.02728		58.02208		35.29284		35.3		96.89292		48.47566		48.51		52.80522
7056		3.787719		3.78675		40.32866		12.02835		12.06454		55.54177		22.99328		22.93488		79.34924		54.01731		54		12.06454		40.05145		40		23.11317		98.39951		97.331		54.87728		52.8755		52.96755		56.69298		35.29378		35.3		97.04967		48.49039		48.51		52.94238
7128		3.787639		3.78675		40.30958		11.94794		12.16476		55.53809		23.03019		22.91913		79.33022		54.04281		54		12.16476		39.96732		40		22.86851		97.90784		96.39802		54.51796		52.84201		53.03149		52.19483		35.30168		35.3		98.30395		48.5113		48.51		53.14223
7200		3.787443		3.78675		40.25433		12.17566		12.06026		55.46515		22.9115		23.03806		79.4426		54.01561		54		12.06026		40.00095		40		22.96435		97.42258		97.18659		54.62898		52.95073		52.82387		67.34173		35.29625		35.3		97.44213		48.49734		48.51		52.99204
7272		3.787192		3.78675		40.18459		11.97077		11.91699		55.38675		23.01365		22.90087		79.35439		53.97969		54		11.91699		40.01412		40		23.00283		98.34124		100.0209		55.34692		52.95119		52.80798		67.7259		35.28812		35.3		96.17206		48.49445		48.51		52.9533
7344		3.790074		3.78675		41.02792		12.1415		11.71138		55.05931		22.9565		22.95948		79.44391		53.92764		54		11.71138		39.99845		40		22.95927		97.49868		98.47069		54.98626		52.90771		52.7774		67.10156		35.31841		35.3		100.9661		48.48116		48.51		52.8101
7416		3.787308		3.78675		40.22544		11.84612		11.7537		55.23752		22.99299		23.02034		79.50338		53.93915		54		11.7537		40.04734		40		23.10156		99.35015		99.82908		55.21234		52.80076		53.16897		43.1927		35.29466		35.3		97.22454		48.49963		48.51		52.98625
7488		3.783696		3.78675		39.17525		11.79353		11.96159		55.37527		22.92912		22.89375		79.39682		53.99411		54		11.96159		39.92601		40		22.75119		98.0922		98.03807		54.39909		52.91369		52.9351		59.63204		35.29632		35.3		97.47731		48.49189		48.51		52.90005
7560		3.788017		3.78675		40.43887		11.98962		12.27507		55.96188		23.05948		22.95924		79.47234		54.0715		54		12.27507		39.99436		40		22.95119		98.65986		99.04914		54.83879		52.93263		52.82626		66.05503		35.30631		35.3		99.06208		48.48793		48.51		52.85162
7632		3.788523		3.78675		40.59064		12.07578		12.12283		55.78374		23.14497		23.12361		79.60775		54.03034		54		12.12283		40.0194		40		23.02985		98.73187		100.8977		55.79573		52.97396		52.94229		62.66956		35.31779		35.3		100.8975		48.48849		48.51		52.8476
7704		3.78727		3.78675		40.22947		11.99171		11.90199		55.2526		23.05317		22.98744		79.30513		53.97551		54		11.90199		39.96768		40		22.88028		98.60236		96.10565		54.85514		52.94859		52.71426		72.35238		35.29314		35.3		97.00761		48.47995		48.51		52.75425
7776		3.787426		3.78675		40.27918		11.98602		11.89811		54.96182		22.86166		22.95331		79.33058		53.97768		54		11.89811		39.99835		40		22.96496		97.50086		99.78839		55.13534		52.92163		52.90575		61.81831		35.30196		35.3		98.40068		48.49363		48.51		52.8847
7848		3.785472		3.78675		39.71271		11.81006		12.20612		55.72021		23.08701		23.1161		79.59226		54.05571		54		12.20612		39.96663		40		22.8747		98.40042		100.2201		55.00709		52.83984		52.82306		62.05618		35.29254		35.3		96.90635		48.49166		48.51		52.85724
7920		3.784149		3.78675		39.32849		12.19721		12.05119		55.64477		23.09729		23.1176		79.74389		54.01359		54		12.05119		39.99861		40		22.97472		98.48839		95.12429		54.66369		52.80505		52.94847		54.30535		35.31268		35.3		100.0986		48.50297		48.51		52.96157
7992		3.786629		3.78675		40.05507		12.06894		11.85341		55.39122		22.92907		23.0848		79.60631		53.96201		54		11.85341		39.99412		40		22.96358		98.4875		96.18531		55.08329		52.84686		52.77772		64.30014		35.29732		35.3		97.68735		48.4895		48.51		52.81886
8064		3.785163		3.78675		39.63024		11.85183		11.70903		54.9979		22.85408		23.036		79.337		53.92749		54		11.70903		39.95428		40		22.843		97.39954		100.4039		55.25247		52.89773		52.51045		79.90456		35.29492		35.3		97.30539		48.49739		48.51		52.89228
8136		3.786114		3.78675		39.90943		11.85814		12.00751		55.5308		22.90845		23.06057		79.49043		54.00352		54		12.00751		40.00611		40		22.98889		98.18882		94.76327		54.12627		52.92394		52.83476		65.75501		35.29429		35.3		97.20385		48.504		48.51		52.95222
8208		3.789914		3.78675		41.01907		12.18314		12.055		55.61825		23.12807		23.05724		79.59406		54.01323		54		12.055		40.01765		40		23.02677		97.80772		100.0012		55.11243		52.85439		52.85007		61.92085		35.29679		35.3		97.59117		48.50921		48.51		52.99676
8280		3.785044		3.78675		39.60083		12.09861		11.86974		55.57921		23.12323		22.95763		79.41343		53.96318		54		11.86974		40.01358		40		23.01944		98.42683		97.69926		55.07099		52.83578		52.75427		65.48615		35.29735		35.3		97.69528		48.47732		48.51		52.66973
8352		3.786262		3.78675		39.95983		11.85459		11.85761		55.32793		22.94317		22.88105		79.23043		53.9602		54		11.85761		39.95223		40		22.83931		98.55516		98.70068		55.18356		52.75205		52.82414		58.07204		35.29161		35.3		96.79876		48.49845		48.51		52.87718
8424		3.784672		3.78675		39.49889		11.87236		12.29798		55.87455		22.91736		22.76069		79.0525		54.07141		54		12.29798		39.92761		40		22.76216		98.4958		99.66524		54.97454		52.9367		53.04201		56.29223		35.28476		35.3		95.70539		48.51339		48.51		53.02232
8496		3.788148		3.78675		40.51538		12.01922		12.14947		55.73175		23.05641		22.874		79.29546		54.03335		54		12.14947		40.0379		40		23.08062		98.00022		97.40205		55.04494		52.83348		52.88236		59.45074		35.31693		35.3		100.8135		48.49647		48.51		52.84759
8568		3.787739		3.78675		40.39861		12.09799		12.14076		55.44599		22.97569		22.89118		79.40331		54.03129		54		12.14076		40.00825		40		22.99681		98.14566		101.3109		55.68222		52.84058		52.92622		57.67147		35.3225		35.3		101.7014		48.50245		48.51		52.90243
8640		3.787793		3.78675		40.41669		11.86328		11.91782		55.1509		22.9793		22.94239		79.33975		53.97821		54		11.91782		39.9579		40		22.84996		98.2137		98.43242		54.93685		52.94928		52.92973		62.49304		35.29719		35.3		97.70021		48.49508		48.51		52.82441
8712		3.786373		3.78675		40.00499		12.06349		12.1382		55.50381		22.92477		22.88929		79.42361		54.03465		54		12.1382		39.99295		40		22.95203		97.87878		98.48905		54.83672		52.91815		52.81658		66.56866		35.30987		35.3		99.70347		48.50249		48.51		52.89456
8784		3.788007		3.78675		40.48396		12.14283		12.28808		55.81825		23.05116		22.8828		79.42259		54.07052		54		12.28808		40.05035		40		23.12169		97.77435		101.2944		55.81248		52.94317		52.82324		67.36842		35.30342		35.3		98.69215		48.50178		48.51		52.88241
8856		3.786818		3.78675		40.14004		12.04801		11.95601		55.37861		22.94878		22.88052		79.43656		53.98658		54		11.95601		40.00174		40		22.98355		99.22201		101.7551		55.70357		52.91383		52.89882		62.20488		35.27955		35.3		94.9222		48.49717		48.51		52.83183
8928		3.787163		3.78675		40.24204		12.03676		12.05369		55.38648		22.98591		22.94156		79.35161		54.01233		54		12.05369		39.99765		40		22.97112		98.16493		99.17761		55.05538		53.01147		52.73801		74.65611		35.31429		35.3		100.4225		48.49935		48.51		52.85008
9000		3.786342		3.78675		40.00573		12.12049		11.89968		55.06938		23.01966		23.04681		79.55678		53.97563		54		11.89968		39.97037		40		22.89217		98.00108		95.82872		54.72259		52.85388		53.00441		54.18099		35.28759		35.3		96.20522		48.5034		48.51		52.88759
9072		3.790162		3.78675		41.12208		12.00959		12.25987		55.68767		23.12408		23.07585		79.56517		54.06719		54		12.25987		40.02021		40		23.04067		98.32252		98.29431		54.71155		52.86158		53.13585		48.00515		35.31463		35.3		100.4809		48.49511		48.51		52.8003
9144		3.785302		3.78675		39.70577		12.11176		12.11593		55.64731		23.03328		23.01971		79.62876		54.02919		54		12.11593		40.02345		40		23.05407		98.24798		99.86684		55.01236		52.82765		52.81484		62.00297		35.30531		35.3		99.00025		48.49761		48.51		52.82092
9216		3.787073		3.78675		40.22424		12.10141		12.12954		55.7549		23.01652		22.90359		79.44321		54.02935		54		12.12954		40.009		40		23.01449		98.02138		98.20509		55.25844		52.87624		52.8014		64.85411		35.28848		35.3		96.34672		48.48205		48.51		52.66065
9288		3.787945		3.78675		40.48027		12.00866		12.05681		55.5672		22.91868		22.78432		79.2193		54.01055		54		12.05681		39.99002		40		22.95814		98.34099		99.32986		55.35959		52.85912		52.82719		62.87113		35.3048		35.3		98.9382		48.48548		48.51		52.69142
9360		3.786863		3.78675		40.16559		11.88964		11.69426		55.10623		22.93286		23.03818		79.4016		53.92073		54		11.69426		40.00033		40		22.98421		98.52551		99.95516		55.13114		52.8421		52.79369		63.35463		35.31693		35.3		100.8599		48.49831		48.51		52.81786
9432		3.786744		3.78675		40.13148		11.96307		12.0458		55.60872		23.01884		22.9983		79.44925		54.00859		54		12.0458		39.98683		40		22.94373		98.72544		99.6032		54.80742		52.78052		52.8391		57.9852		35.322		35.3		101.6521		48.49491		48.51		52.78094
9504		3.786283		3.78675		39.99866		12.04536		12.15901		55.69737		22.96283		23.05597		79.61206		54.0348		54		12.15901		40.01218		40		23.01851		98.60903		99.4913		55.51987		52.93124		52.75699		69.63241		35.31186		35.3		100.0649		48.50688		48.51		52.89771
9576		3.787023		3.78675		40.21539		11.95131		11.92638		55.35348		22.94064		22.83641		79.32635		53.97713		54		11.92638		39.9538		40		22.84948		98.22961		99.73323		55.31897		52.83348		52.67358		68.7143		35.31119		35.3		99.96143		48.52097		48.51		53.03594
9648		3.787513		3.78675		40.35973		12.13813		12.00131		55.1809		22.89177		22.95012		79.37699		53.99806		54		12.00131		39.97017		40		22.89358		97.92422		98.11826		54.44726		52.87644		52.89704		60.12593		35.30028		35.3		98.22085		48.50726		48.51		52.8966
9720		3.786922		3.78675		40.18871		11.95173		12.25216		55.95723		23.02986		22.9676		79.52562		54.05945		54		12.25216		40.01994		40		23.04013		98.06091		96.00557		54.79		52.83783		52.95158		55.85404		35.29871		35.3		97.97754		48.51649		48.51		52.98597
9792		3.784636		3.78675		39.52259		12.08825		11.78921		55.35391		22.92666		23.03877		79.67648		53.94104		54		11.78921		40.01628		40		23.0335		97.73489		98.6655		55.52813		52.83781		52.88028		59.29275		35.29658		35.3		97.64401		48.51133		48.51		52.93074
9864		3.786714		3.78675		40.12992		11.91582		11.84555		55.16408		22.97464		22.97321		79.29584		53.95627		54		11.84555		39.94633		40		22.8284		98.3248		102.3206		56.05492		52.88369		52.86969		61.79214		35.31871		35.3		101.1687		48.51448		48.51		52.96081
9936		3.786287		3.78675		40.00501		12.01839		12.6249		55.84112		22.96965		22.96963		79.3233		54.15526		54		12.6249		39.96997		40		22.89406		96.48612		99.57635		54.81978		52.8613		52.72451		67.66615		35.30086		35.3		98.31556		48.51039		48.51		52.91776
10008		3.786006		3.78675		39.923		12.08373		11.99888		55.60104		23.09298		23.13701		79.64866		53.99657		54		11.99888		40.04823		40		23.12143		98.63197		98.37599		54.85792		52.85759		52.92735		57.9502		35.30953		35.3		99.69026		48.50822		48.51		52.89346
10080		3.78557		3.78675		39.79674		12.01258		12.13663		55.72805		23.08298		23.07899		79.60972		54.0291		54		12.13663		40.05052		40		23.13382		98.21464		99.12986		55.42375		52.8791		52.8945		60.47691		35.2984		35.3		97.94215		48.49386		48.51		52.74629
10152		3.785995		3.78675		39.92346		11.85709		11.81988		55.28212		22.9105		22.81893		79.14613		53.95183		54		11.81988		39.99627		40		22.97343		98.02558		99.87649		55.4832		52.97084		52.90212		64.12819		35.29944		35.3		98.11889		48.50347		48.51		52.84185
10224		3.785638		3.78675		39.82062		12.15513		12.07562		55.34191		22.83341		22.92204		79.30832		54.01762		54		12.07562		40.0239		40		23.04737		97.6992		100.4806		55.2168		52.93855		52.86389		64.55349		35.29249		35.3		97.00951		48.50081		48.51		52.81463
10296		3.785416		3.78675		39.75794		12.09284		12.06115		55.46479		22.99765		23.1941		79.79303		54.01406		54		12.06115		40.01743		40		23.03072		97.96312		98.43444		55.2046		52.89074		53.099		51.34503		35.29895		35.3		98.03809		48.52383		48.51		53.04345
10368		3.786322		3.78675		40.02392		11.95482		11.83251		55.19192		22.98996		23.16583		79.85654		53.9576		54		11.83251		40.0877		40		23.24002		98.33375		99.48873		55.14516		52.88434		52.8922		60.9959		35.29359		35.3		97.19279		48.5028		48.51		52.83054
10440		3.787388		3.78675		40.33536		12.16211		11.78967		55.08947		22.94193		22.96779		79.50671		53.9473		54		11.78967		40.03845		40		23.09932		98.52232		97.24761		54.45781		52.84396		52.77636		64.29611		35.29868		35.3		97.99003		48.49744		48.51		52.77518
10512		3.787009		3.78675		40.22691		12.06501		12.04788		55.56262		23.05301		23.0735		79.63721		54.01114		54		12.04788		40.0514		40		23.13939		97.47761		100.6874		55.8633		52.89988		52.83541		64.35444		35.29299		35.3		97.1026		48.51429		48.51		52.94254
10584		3.786987		3.78675		40.22118		11.86982		12.13705		55.50668		23.03523		22.97606		79.48728		54.03529		54		12.13705		40.01806		40		23.04512		98.37089		97.66722		54.92872		52.9378		52.92519		61.42261		35.31246		35.3		100.1916		48.5217		48.51		53.01551
10656		3.788244		3.78675		40.59088		11.85364		11.66404		54.98922		22.94518		23.05535		79.48533		53.91912		54		11.66404		39.97232		40		22.91078		98.72294		99.06847		55.18691		53.00829		52.7819		71.95009		35.28347		35.3		95.60985		48.51213		48.51		52.91917
10728		3.78371		3.78675		39.26848		11.92388		11.97404		55.37727		23.08163		23.23642		79.76071		53.99792		54		11.97404		40.03688		40		23.10017		97.57293		97.42983		54.76242		52.9054		52.68747		71.43584		35.30276		35.3		98.6532		48.51009		48.51		52.89722
10800		3.785791		3.78675		39.87717		12.13293		11.96719		55.52274		23.07191		23.06278		79.69973		53.99432		54		11.96719		40.04603		40		23.13144		98.51829		98.8931		55.14482		52.87405		52.8198		63.79456		35.30388		35.3		98.83148		48.51855		48.51		52.97996
10872		3.784541		3.78675		39.51271		12.16838		11.99875		55.46149		22.9263		23.01516		79.72199		54.00034		54		11.99875		39.97617		40		22.9343		98.20619		99.95751		55.38196		52.99518		52.86039		67.96542		35.31589		35.3		100.7336		48.51267		48.51		52.91865
10944		3.786836		3.78675		40.18424		12.17114		11.6281		54.88067		23.00384		23.02077		79.41984		53.90698		54		11.6281		40.02504		40		23.07526		98.34333		98.1715		55.06722		52.90642		52.83357		64.82918		35.29973		35.3		98.17785		48.51116		48.51		52.90226
11016		3.788563		3.78675		40.68955		12.04509		11.89699		55.29052		22.94778		22.97015		79.42024		53.97533		54		11.89699		40.00703		40		23.02075		98.46053		96.73808		54.74215		52.82337		52.94521		55.66855		35.30342		35.3		98.76457		48.5187		48.51		52.97693
11088		3.786999		3.78675		40.23259		11.99989		11.92368		55.35827		22.94857		22.95228		79.47156		53.98232		54		11.92368		39.95841		40		22.87868		98.14253		96.42903		54.71107		52.87156		52.86875		61.44419		35.30484		35.3		98.99064		48.50958		48.51		52.88376
11160		3.788513		3.78675		40.67568		11.99731		12.13668		55.49928		22.9628		23.04336		79.53679		54.03612		54		12.13668		40.07162		40		23.20655		98.5793		98.96078		54.83781		52.89579		52.91851		59.77549		35.30602		35.3		99.17651		48.49744		48.51		52.76099
11232		3.788211		3.78675		40.58904		11.84982		11.69758		55.1577		23.05756		23.07607		79.60621		53.92665		54		11.69758		40.0467		40		23.13606		97.97473		98.09915		55.31307		52.95158		52.94118		61.50991		35.27311		35.3		93.97639		48.51441		48.51		52.93058
11304		3.787679		3.78675		40.43413		12.14126		12.2711		55.53072		23.097		22.92781		79.43599		54.07114		54		12.2711		40.01285		40		23.04005		97.68296		101.7709		55.5121		52.90474		52.92888		59.78586		35.31053		35.3		99.89277		48.48616		48.51		52.64563
11376		3.787619		3.78675		40.41837		11.99134		11.97588		55.5126		22.94841		23.02546		79.5982		53.99586		54		11.97588		40.02218		40		23.06742		97.9652		98.94219		55.07143		52.85451		52.83506		61.84661		35.30236		35.3		98.59965		48.51049		48.51		52.88953
11448		3.785504		3.78675		39.80072		12.24068		12.14269		55.6684		23.09871		23.04414		79.48881		54.03481		54		12.14269		40.0142		40		23.0456		97.91409		96.79704		54.86184		52.88363		52.91172		59.81072		35.30324		35.3		98.73053		48.51763		48.51		52.95913
11520		3.785146		3.78675		39.69542		12.13467		12.06137		55.74731		22.89729		22.99632		79.54067		54.01069		54		12.06137		39.97895		40		22.94213		98.0547		98.08075		55.27959		52.88432		52.81267		64.58281		35.2934		35.3		97.17487		48.50766		48.51		52.8571
11592		3.785819		3.78675		39.89117		12.07894		12.00279		55.50846		22.93669		22.91734		79.23503		53.99457		54		12.00279		39.98703		40		22.96121		98.10955		99.38883		55.4681		52.90737		52.82422		65.43539		35.28994		35.3		96.63209		48.51977		48.51		52.97763
11664		3.786927		3.78675		40.21478		12.08486		11.95918		55.14954		22.85925		22.79374		79.19896		53.98549		54		11.95918		39.96864		40		22.90141		98.64044		101.4457		55.29464		52.89545		52.7476		68.66437		35.27999		35.3		95.05248		48.5157		48.51		52.9371
11736		3.785278		3.78675		39.73473		11.86894		11.72141		55.03841		23.00365		22.99085		79.43648		53.92862		54		11.72141		40.01752		40		23.04049		97.8011		98.24741		54.76173		52.88223		52.96674		57.43831		35.29628		35.3		97.6306		48.5079		48.51		52.8593
11808		3.786136		3.78675		39.9857		11.95528		11.98796		55.40831		23.09177		23.04246		79.60681		53.99649		54		11.98796		40.05586		40		23.15559		98.22035		96.31945		54.59482		52.82804		52.83092		61.38723		35.30532		35.3		99.06419		48.51364		48.51		52.91619
11880		3.787695		3.78675		40.4425		11.94117		11.94583		55.32813		23.10415		23.03865		79.56458		53.98678		54		11.94583		40.05005		40		23.14264		98.42498		100.9531		55.77436		52.94214		52.94593		61.35779		35.29958		35.3		98.17003		48.51063		48.51		52.88537
11952		3.787623		3.78675		40.42278		12.04691		11.92237		54.92111		23.01851		23.10213		79.59056		53.98415		54		11.92237		39.99949		40		22.99631		97.95234		98.34487		54.89252		52.88257		53.08289		51.77981		35.30068		35.3		98.3433		48.52537		48.51		53.0336
12024		3.785938		3.78675		39.93079		11.92083		12.33009		55.88094		22.99573		22.95679		79.47047		54.08687		54		12.33009		40.00435		40		23.01018		97.94872		96.3879		54.09712		52.86867		52.81736		63.57136		35.29304		35.3		97.11281		48.50662		48.51		52.84478
12096		3.786945		3.78675		40.22453		12.12264		11.75948		55.41589		23.08905		22.97354		79.55513		53.93981		54		11.75948		40.02511		40		23.07332		98.482		99.08224		55.48124		52.77732		53.01079		50.24394		35.31764		35.3		101.0278		48.52462		48.51		53.02446
12168		3.78603		3.78675		39.95917		11.93057		11.76292		55.15959		22.86706		22.89847		79.50503		53.94057		54		11.76292		39.98695		40		22.96434		99.1404		99.08775		55.41905		52.86924		52.95809		57.01311		35.30868		35.3		99.62283		48.49339		48.51		52.71072
12240		3.787118		3.78675		40.27664		11.73895		12.07874		55.60956		22.94401		22.88278		79.22072		54.02187		54		12.07874		39.97926		40		22.93628		98.28218		98.35304		54.641		52.88924		52.94504		58.79385		35.29964		35.3		98.17782		48.51887		48.51		52.96721
12312		3.784769		3.78675		39.5915		11.91644		11.9271		55.48685		23.06901		23.02628		79.56201		53.984		54		11.9271		40.06178		40		23.17519		98.43502		97.47235		54.6737		52.88343		52.83815		63.22285		35.28893		35.3		96.47774		48.5107		48.51		52.88507
12384		3.785994		3.78675		39.94844		11.97452		12.36575		56.10699		22.96005		23.08265		79.83013		54.09142		54		12.36575		40.05211		40		23.15255		98.58892		97.94505		55.12904		52.89728		52.93319		59.54089		35.31931		35.3		101.2918		48.50108		48.51		52.78711
12456		3.786839		3.78675		40.19522		12.05736		12.01657		55.39586		23.07662		22.95019		79.37956		54.00313		54		12.01657		39.9932		40		22.9827		98.75002		100.6269		55.47809		52.96259		52.85881		66.4167		35.30277		35.3		98.6791		48.51792		48.51		52.95554
12528		3.785842		3.78675		39.90505		11.80834		12.15466		55.64777		23.01595		22.93759		79.2202		54.03926		54		12.15466		39.99615		40		22.98743		98.79388		100.2539		55.59293		52.85884		52.70455		68.57382		35.30829		35.3		99.56436		48.50168		48.51		52.79286
12600		3.788236		3.78675		40.60302		12.00047		11.81843		55.03479		22.97295		23.02293		79.52171		53.95726		54		11.81843		40.01966		40		23.05386		98.28568		97.76848		54.69506		52.8296		52.9463		55.56846		35.29494		35.3		97.43772		48.5279		48.51		53.05607
12672		3.784633		3.78675		39.55097		12.07655		12.28213		55.79517		22.98484		23.0582		79.77418		54.07288		54		12.28213		40.01352		40		23.0391		97.10895		99.05381		54.97185		52.7982		52.85787		58.30643		35.29993		35.3		98.21606		48.51086		48.51		52.88403
12744		3.787639		3.78675		40.42843		12.06139		12.19461		55.68509		23.13954		22.91448		79.46125		54.04917		54		12.19461		40.0842		40		23.24872		98.03039		99.81802		55.58769		52.83546		52.84832		60.54267		35.31613		35.3		100.7968		48.49967		48.51		52.77012
12816		3.785744		3.78675		39.87669		11.82376		11.85983		55.54022		23.04571		22.97647		79.43455		53.96484		54		11.85983		39.98149		40		22.9518		98.2755		97.0611		54.69237		52.80589		52.85636		58.87472		35.30638		35.3		99.24488		48.51023		48.51		52.87588
12888		3.786452		3.78675		40.08478		11.9674		11.79575		55.18549		22.89784		22.89448		79.41322		53.94899		54		11.79575		39.99187		40		22.9792		98.58212		100.9495		55.71546		52.89684		52.95269		58.69284		35.31401		35.3		100.4666		48.4979		48.51		52.75188
12960		3.786206		3.78675		40.0123		12.02347		11.85777		55.25827		23.0645		22.96765		79.44343		53.9659		54		11.85777		40.03751		40		23.11187		97.84181		98.12312		54.74715		52.94486		52.81443		67.57363		35.29117		35.3		96.83569		48.49608		48.51		52.73356
13032		3.786057		3.78675		39.97004		11.97083		12.04115		55.45178		23.0343		23.00051		79.48015		54.01215		54		12.04115		39.97508		40		22.93125		98.35459		96.70065		54.90727		52.90751		52.72158		70.432		35.30141		35.3		98.46617		48.52083		48.51		52.98187
13104		3.787758		3.78675		40.46582		11.90678		12.05733		55.47902		23.11598		23.10567		79.58469		54.0175		54		12.05733		40.04639		40		23.14061		98.04611		98.13487		54.66739		52.76211		52.997		49.84734		35.28508		35.3		95.87357		48.49415		48.51		52.7134
13176		3.788889		3.78675		40.79594		12.23486		12.13353		55.44695		22.97061		23.06679		79.55538		54.03606		54		12.13353		39.95776		40		22.88291		98.2266		100.9508		55.5556		52.81665		52.66874		68.39022		35.30969		35.3		99.77638		48.51287		48.51		52.90071
13248		3.787106		3.78675		40.27563		12.12661		11.83882		55.08593		23.05005		23.05896		79.62756		53.9618		54		11.83882		40.02431		40		23.07702		98.91763		97.30049		54.80495		52.84487		52.90178		58.75671		35.29976		35.3		98.20505		48.49167		48.51		52.68729
13320		3.78735		3.78675		40.34725		11.72598		12.01316		55.71989		22.90629		22.98925		79.52754		54.00521		54		12.01316		39.98743		40		22.96991		98.15148		100.6086		55.52113		52.89821		52.83712		64.14893		35.29412		35.3		97.31238		48.5128		48.51		52.89939
13392		3.784536		3.78675		39.52741		11.87219		12.0522		55.55737		23.00397		22.9967		79.46092		54.01587		54		12.0522		39.94021		40		22.83181		98.42229		99.83144		55.07115		52.8307		52.93559		56.38683		35.26722		35.3		93.05131		48.50609		48.51		52.83244
13464		3.786855		3.78675		40.20449		12.03884		11.80574		55.12931		23.0296		23.04849		79.51409		53.95471		54		11.80574		40.03132		40		23.09572		98.81635		97.55053		54.66777		52.92853		52.80601		67.26301		35.31114		35.3		100.0064		48.52335		48.51		53.00603
13536		3.786038		3.78675		39.96747		11.99121		11.68546		55.09163		23.05355		23.1367		79.6807		53.92446		54		11.68546		40.03281		40		23.1015		98.14866		98.6459		55.51808		52.86496		52.93667		57.84557		35.30597		35.3		99.20191		48.51455		48.51		52.91721
13608		3.787899		3.78675		40.51064		11.9116		12.09624		55.43288		23.04411		23.11787		79.60335		54.02965		54		12.09624		39.99612		40		22.99683		98.05144		99.02561		55.11569		52.86779		52.96856		56.38376		35.28973		35.3		96.62753		48.50443		48.51		52.81572
13680		3.78696		3.78675		40.23633		12.04642		11.87042		55.14294		23.04297		22.89466		79.48346		53.97425		54		11.87042		40.08283		40		23.2496		97.78413		99.31429		54.99034		52.81774		52.95665		54.82743		35.31076		35.3		99.94981		48.48709		48.51		52.64068
13752		3.786409		3.78675		40.07591		12.03954		12.17495		55.67716		23.0849		23.38389		80.06187		54.04929		54		12.17495		39.9801		40		22.95668		98.22226		96.10422		54.41306		52.80477		52.99031		52.42519		35.30088		35.3		98.37832		48.51612		48.51		52.93134
13824		3.785433		3.78675		39.79193		11.92696		11.94674		55.77889		23.06535		23.01883		79.54387		53.98864		54		11.94674		39.99031		40		22.98961		98.65714		98.52437		55.51768		52.83248		52.84724		60.71223		35.29369		35.3		97.25167		48.50317		48.51		52.79994
13896		3.786135		3.78675		39.99662		12.00261		11.96037		55.3009		22.99362		23.00395		79.43266		53.99222		54		11.96037		39.91971		40		22.78282		98.79492		98.3182		55.23042		52.81766		52.97718		53.38224		35.30497		35.3		99.04821		48.51522		48.51		52.92081
13968		3.788255		3.78675		40.61513		11.79154		11.67818		54.99491		22.97459		22.8701		79.1947		53.925		54		11.67818		39.93623		40		22.82489		97.9948		99.72158		55.09784		52.82993		52.8021		62.55638		35.29289		35.3		97.13075		48.49983		48.51		52.76689
14040		3.788771		3.78675		40.76563		12.07469		12.02995		55.2858		22.99474		23.08153		79.70292		54.01515		54		12.02995		40.03576		40		23.11238		97.78784		96.94172		54.51153		52.81873		52.75194		64.4697		35.2894		35.3		96.5653		48.51102		48.51		52.87908
14112		3.787714		3.78675		40.45923		11.99564		11.88306		55.33256		23.15996		23.1021		79.73121		53.97731		54		11.88306		40.0304		40		23.10325		98.79227		98.25894		55.32405		52.79186		52.86365		57.75694		35.29729		35.3		97.83199		48.51179		48.51		52.88592
14184		3.787742		3.78675		40.46834		12.04137		12.02599		55.3848		22.9623		22.99986		79.6801		54.01336		54		12.02599		39.96452		40		22.91628		98.04629		98.27485		55.37509		52.92739		52.69588		72.28967		35.29744		35.3		97.85913		48.50585		48.51		52.82538
14256		3.787705		3.78675		40.45845		11.91985		11.82843		55.34752		23.03173		22.86663		79.27044		53.96358		54		11.82843		39.94554		40		22.85877		98.37931		96.94928		54.60855		52.83747		52.89305		58.48064		35.28655		35.3		96.11996		48.51182		48.51		52.88498
14328		3.786139		3.78675		40.00139		12.12681		12.07648		55.65174		22.98929		23.0777		79.57609		54.02316		54		12.07648		39.99754		40		23.00802		98.11596		95.68627		54.7409		52.96792		52.92053		63.85445		35.29103		35.3		96.83295		48.49765		48.51		52.7418
14400		3.786325		3.78675		40.05608		12.09294		12.043		55.6424		22.97647		22.93019		79.40808		54.01215		54		12.043		39.95781		40		22.89183		98.9357		99.74402		55.40984		52.77505		52.84826		57.96687		35.3125		35.3		100.237		48.51553		48.51		52.92096
14472		3.787928		3.78675		40.52344		12.05102		11.8618		55.26171		22.87505		22.84275		79.32613		53.96607		54		11.8618		39.97793		40		22.94624		97.57089		98.14552		55.00502		52.85219		52.89819		59.09419		35.30791		35.3		99.50595		48.52065		48.51		52.97264
14544		3.787709		3.78675		40.46022		12.1005		11.73776		54.98026		22.91369		22.97746		79.44348		53.93518		54		11.73776		39.99401		40		22.98905		98.35586		99.15937		55.08359		52.79291		52.96		53.60611		35.31913		35.3		101.2834		48.51045		48.51		52.87094
14616		3.787008		3.78675		40.25731		12.01743		12.15045		55.41297		23.07847		22.98358		79.44797		54.03988		54		12.15045		40.01909		40		23.0617		98.04912		100.0706		55.71269		52.89976		52.91587		60.63632		35.28957		35.3		96.61539		48.49473		48.51		52.71367
14688		3.786544		3.78675		40.12243		11.90313		12.02677		55.21446		23.03769		23.00452		79.58589		54.01161		54		12.02677		40.03039		40		23.09714		97.79092		97.52492		54.80439		52.78444		52.8462		58.35065		35.28407		35.3		95.73555		48.53039		48.51		53.07151
14760		3.785846		3.78675		39.91971		12.03891		12.27612		55.57961		23.07039		23.13343		79.72184		54.07481		54		12.27612		39.98546		40		22.96958		97.97473		100.6561		55.33636		52.85389		52.85868		60.83847		35.29498		35.3		97.45984		48.51291		48.51		52.89545
14832		3.786593		3.78675		40.13805		12.02311		11.96617		55.44763		23.04814		22.90322		79.552		53.99586		54		11.96617		39.99254		40		22.99438		97.8897		99.31824		55.3897		52.73861		52.87421		55.00169		35.29181		35.3		96.96294		48.49897		48.51		52.75461
14904		3.785028		3.78675		39.68143		11.92699		11.87698		55.30502		23.02358		23.00214		79.52149		53.97328		54		11.87698		40.0278		40		23.09779		99.39093		96.85755		54.70127		52.87666		52.80463		64.57993		35.29653		35.3		97.70922		48.50815		48.51		52.84626
14976		3.788212		3.78675		40.6109		11.74089		12.05984		55.65978		22.92924		22.89931		79.35849		54.0194		54		12.05984		40.00894		40		23.04008		99.20627		100.4754		55.49297		52.84146		52.75471		65.09902		35.29973		35.3		98.22597		48.50971		48.51		52.86225
15048		3.784707		3.78675		39.58715		11.85383		11.86373		55.36985		22.90863		22.87951		79.4109		53.97096		54		11.86373		39.99943		40		23.01045		98.35152		98.54145		54.875		52.82069		52.7014		66.65253		35.31169		35.3		100.1117		48.51971		48.51		52.96289
15120		3.786356		3.78675		40.06953		12.14583		11.86843		55.16471		23.03473		23.13685		79.62001		53.97179		54		11.86843		40.018		40		23.06405		98.08151		99.23661		55.22087		52.84275		52.80696		62.59062		35.30623		35.3		99.24721		48.50927		48.51		52.85821
15192		3.786884		3.78675		40.22344		12.12286		11.98264		55.4706		23.07435		23.09088		79.68959		53.99908		54		11.98264		40.03576		40		23.1184		97.82338		97.47826		54.89274		52.79163		52.82374		59.63061		35.30869		35.3		99.63522		48.46916		48.51		52.45494
15264		3.786711		3.78675		40.17502		12.1251		12.11896		55.39467		23.00683		22.97832		79.49543		54.03278		54		12.11896		40.02489		40		23.08745		98.31849		99.22328		55.38607		52.84834		52.81018		62.85414		35.30298		35.3		98.73915		48.52086		48.51		52.9741
15336		3.788108		3.78675		40.58308		11.96463		12.0129		55.35798		22.99287		22.93847		79.38883		54.00717		54		12.0129		39.95008		40		22.86883		97.90757		97.51678		54.90787		52.84798		52.93855		57.11743		35.29732		35.3		97.84164		48.50403		48.51		52.80536
15408		3.784282		3.78675		39.46716		11.87883		12.35272		55.82296		23.08694		23.0217		79.49821		54.09311		54		12.35272		40.00688		40		23.03281		97.94035		99.12489		55.12762		52.7644		52.71206		63.78239		35.28503		35.3		95.89141		48.50703		48.51		52.83546
15480		3.785435		3.78675		39.80239		12.11471		11.90667		55.39463		22.99719		23.03596		79.70544		53.97997		54		11.90667		40.001		40		23.01863		97.7763		98.4183		54.68376		52.90014		52.88017		62.49539		35.30137		35.3		98.46148		48.52219		48.51		52.98586
15552		3.788444		3.78675		40.67905		12.38468		11.90899		55.43636		22.95545		23.01693		79.60299		53.9756		54		11.90899		40.01998		40		23.07415		98.47241		98.06172		55.26537		52.77499		53.07573		46.98348		35.29608		35.3		97.63005		48.49861		48.51		52.7484
15624		3.786883		3.78675		40.22598		12.15216		12.10827		55.52953		22.87035		22.82823		79.32928		54.02373		54		12.10827		39.91953		40		22.78057		98.21462		99.84232		55.9285		52.77012		52.81288		59.35686		35.29987		35.3		98.24939		48.51081		48.51		52.87091
15696		3.786717		3.78675		40.17716		11.9339		11.89785		55.12034		22.89528		22.89618		79.17364		53.97376		54		11.89785		39.95875		40		22.8865		98.12713		99.53994		55.24324		52.92132		52.91941		61.51379		35.30043		35.3		98.33072		48.52288		48.51		52.99345
15768		3.785151		3.78675		39.71887		12.00935		11.89147		55.24796		22.93455		22.88447		79.3719		53.97346		54		11.89147		39.98271		40		22.95111		98.39216		98.93681		54.71643		52.77135		52.67191		66.44573		35.29965		35.3		98.19188		48.51936		48.51		52.95839
15840		3.787053		3.78675		40.27317		12.07889		12.64362		56.12137		23.04438		23.10911		79.77718		54.16096		54		12.64362		40.00319		40		23.01404		97.82188		99.2126		55.15222		52.8543		52.55399		75.78264		35.30523		35.3		99.07661		48.50687		48.51		52.83256
15912		3.788533		3.78675		40.70452		12.0863		12.26057		55.79439		22.99182		22.95282		79.53277		54.06328		54		12.26057		39.98921		40		22.97627		98.34409		96.37549		54.61382		52.93418		52.6422		75.74393		35.29863		35.3		98.02733		48.52734		48.51		53.03824
15984		3.787821		3.78675		40.4959		12.25522		11.92203		55.27311		22.89955		22.95979		79.40186		53.97695		54		11.92203		39.96584		40		22.90541		97.86678		99.73575		55.49515		52.95399		52.7861		69.8058		35.31437		35.3		100.5312		48.5034		48.51		52.79823
16056		3.786904		3.78675		40.22728		12.00095		12.23668		55.64036		23.0069		22.88166		79.21076		54.05657		54		12.23668		39.99829		40		22.99562		98.47182		101.3492		55.45638		52.89273		53.02477		55.35775		35.3037		35.3		98.83533		48.50717		48.51		52.83701
16128		3.785961		3.78675		39.95198		12.02704		11.98075		55.37468		22.97244		23.07909		79.48169		53.99303		54		11.98075		40.0368		40		23.10318		98.3577		100.452		55.49974		52.7835		52.9387		53.74673		35.29809		35.3		97.95344		48.52378		48.51		53.00491
16200		3.786902		3.78675		40.22762		11.83682		11.92092		55.32019		23.01176		22.9449		79.37632		53.97989		54		11.92092		39.98318		40		22.94668		98.36321		97.9753		55.00891		52.84994		52.90754		58.34618		35.28512		35.3		95.90267		48.50901		48.51		52.85767
16272		3.787328		3.78675		40.35126		12.06386		11.77174		54.93968		23.08626		23.05307		79.55256		53.9443		54		11.77174		40.04777		40		23.13583		97.38749		98.13097		55.03707		52.81093		52.76817		63.46944		35.28527		35.3		95.92309		48.51615		48.51		52.93052
16344		3.786002		3.78675		39.96343		11.83172		12.25815		55.66861		23.13472		23.03037		79.61486		54.06808		54		12.25815		40.06127		40		23.17922		98.38946		97.54029		54.65669		52.87308		52.88537		61.00246		35.29073		35.3		96.78462		48.51776		48.51		52.94687
16416		3.787844		3.78675		40.50088		11.95992		11.8325		55.31193		23.06891		22.94691		79.56254		53.96106		54		11.8325		39.99008		40		22.97747		98.28318		100.3235		55.29584		52.86487		52.9372		57.8903		35.31584		35.3		100.7606		48.48854		48.51		52.65291
16488		3.786847		3.78675		40.21101		11.91889		11.93809		55.41874		23.08233		23.02055		79.54275		53.98742		54		11.93809		40.0396		40		23.12322		98.83505		98.03876		55.01254		52.89666		52.74694		68.31114		35.29509		35.3		97.48305		48.49392		48.51		52.70714
16560		3.786736		3.78675		40.17898		11.94608		11.84548		55.22698		22.93264		23.0881		79.71728		53.96546		54		11.84548		39.968		40		22.91719		98.34671		98.60987		54.87832		52.83745		52.67997		68.91984		35.31087		35.3		99.97776		48.52414		48.51		53.01044
16632		3.788145		3.78675		40.58996		11.92202		12.24909		55.69334		22.99275		23.02166		79.63332		54.06684		54		12.24909		39.9759		40		22.94161		98.94945		98.62351		54.77245		52.87123		52.82057		63.78615		35.30477		35.3		99.00747		48.50491		48.51		52.81696
16704		3.786845		3.78675		40.21051		12.15815		11.9445		55.35673		22.98007		23.07592		79.66855		53.98922		54		11.9445		40.02043		40		23.07181		97.89361		95.59315		54.6172		52.83703		52.93445		56.17365		35.28865		35.3		96.45604		48.50338		48.51		52.8016
16776		3.786829		3.78675		40.20605		12.19547		12.16608		55.38752		23.02263		22.89095		79.40467		54.04482		54		12.16608		39.95199		40		22.87371		98.72343		99.17172		55.08309		52.8417		52.76639		64.80363		35.28519		35.3		95.91054		48.5078		48.51		52.84547
16848		3.785483		3.78675		39.81391		11.8568		12.02153		55.44601		22.98656		23.05093		79.56888		54.00964		54		12.02153		40.02658		40		23.08906		97.84553		97.2007		55.03984		52.8652		52.82945		63.25629		35.27428		35.3		94.1869		48.50205		48.51		52.78807
16920		3.787706		3.78675		40.46232		11.9699		12.25147		55.63243		23.03189		23.08124		79.61781		54.06833		54		12.25147		39.99174		40		22.98876		97.75352		99.208		55.13603		52.91939		52.81125		66.58071		35.30736		35.3		99.42035		48.52193		48.51		52.9879
16992		3.78885		3.78675		40.79598		11.93315		12.05533		55.58465		22.97847		23.1032		79.67909		54.01875		54		12.05533		40.02113		40		23.07527		98.60786		101.3052		55.54096		52.87111		52.92479		58.64751		35.30367		35.3		98.83921		48.50108		48.51		52.77839
17064		3.787541		3.78675		40.41451		12.05627		11.96218		55.25293		22.97652		23.08152		79.69504		53.99617		54		11.96218		39.94672		40		22.86047		97.77874		98.63347		55.03188		52.84295		52.8728		60.08322		35.28674		35.3		96.15842		48.49592		48.51		52.72672
17136		3.788017		3.78675		40.55363		12.13935		12.17706		55.64278		23.07176		22.98136		79.4715		54.04885		54		12.17706		40.00101		40		23.01852		97.57443		96.70559		54.77278		52.90979		53.0409		55.21184		35.30249		35.3		98.64469		48.49771		48.51		52.74397
17208		3.785919		3.78675		39.94209		12.08702		12.00541		55.52001		23.04299		23.01891		79.56827		54.00369		54		12.00541		40.01099		40		23.04757		97.7518		98.10493		55.26943		52.9094		52.83445		65.22484		35.30091		35.3		98.3991		48.48534		48.51		52.61928
17280		3.786464		3.78675		40.10097		11.91171		12.05912		55.62938		22.88002		22.86237		79.32498		54.01668		54		12.05912		40.00306		40		23.02225		98.85729		99.05157		55.45899		52.91362		52.94186		60.02399		35.30592		35.3		99.2052		48.51758		48.51		52.9436
17352		3.783765		3.78675		39.31322		12.00493		12.17014		55.55437		22.92527		23.02975		79.39776		54.04518		54		12.17014		39.97811		40		22.94388		98.09619		100.4525		55.37649		52.89712		52.75302		68.09975		35.31122		35.3		100.0412		48.50271		48.51		52.79561
17424		3.786946		3.78675		40.23978		11.8301		11.71787		55.29156		22.94989		23.05946		79.62063		53.93185		54		11.71787		39.9562		40		22.87863		98.38334		99.0424		54.77867		52.81811		52.80868		61.50988		35.31229		35.3		100.1966		48.49521		48.51		52.72028
17496		3.787917		3.78675		40.52232		12.1528		12.11047		55.55738		23.1026		23.05284		79.63469		54.02877		54		12.11047		40.04137		40		23.12865		98.04332		99.76995		55.34646		52.86672		52.76932		65.52366		35.28683		35.3		96.16566		48.5134		48.51		52.90286
17568		3.785403		3.78675		39.78769		11.81245		11.9622		55.69304		23.06973		23.04961		79.61635		53.99024		54		11.9622		39.95896		40		22.89284		98.04152		97.77135		54.69719		52.82506		52.80181		62.46101		35.29346		35.3		97.20695		48.51129		48.51		52.88049
17640		3.786726		3.78675		40.17343		12.02838		11.66652		55.09507		23.00586		22.96641		79.41501		53.91461		54		11.66652		39.93387		40		22.81886		98.08164		100.2654		55.80676		52.82222		52.88992		58.30866		35.29673		35.3		97.73949		48.49717		48.51		52.73879
17712		3.785708		3.78675		39.87715		11.85164		11.77143		55.06572		23.08394		23.03888		79.41457		53.94356		54		11.77143		40.00562		40		23.02489		97.54239		95.81537		54.59155		52.86134		52.98663		55.47746		35.30878		35.3		99.6453		48.493		48.51		52.69794
17784		3.787272		3.78675		40.33305		11.93003		12.05805		55.36774		23.07466		23.02842		79.39486		54.01846		54		12.05805		40.02434		40		23.07755		97.00713		98.55668		54.79335		52.86615		52.99057		55.38686		35.30962		35.3		99.76934		48.51733		48.51		52.9424
17856		3.786817		3.78675		40.19957		12.05389		12.29064		55.75472		23.16006		23.09429		79.63359		54.07578		54		12.29064		40.02407		40		23.07928		97.18144		97.30231		54.50682		52.80189		52.68077		66.86486		35.29602		35.3		97.60274		48.4934		48.51		52.7013
17928		3.787156		3.78675		40.29784		12.12969		11.94777		55.66018		23.0571		22.88856		79.50282		53.98582		54		11.94777		40.05145		40		23.1622		98.28088		94.76974		54.74344		52.8601		52.88638		59.87782		35.28352		35.3		95.63293		48.4928		48.51		52.69347
18000		3.786622		3.78675		40.1416		11.88952		11.95824		55.48726		22.98884		22.87945		79.27802		53.98738		54		11.95824		39.98363		40		22.96281		98.90297		99.61279		55.67123		52.85904		52.95308		56.76125		35.29886		35.3		98.083		48.5126		48.51		52.89267
18072		3.784828		3.78675		39.61774		11.85041		11.77058		55.12947		22.77584		22.82225		79.19561		53.94368		54		11.77058		39.94442		40		22.8411		97.85858		95.34442		54.63973		52.82513		52.92477		56.37451		35.29207		35.3		97.00515		48.515		48.51		52.91812
18144		3.786031		3.78675		39.96912		11.99679		11.82965		55.03769		23.08172		22.78361		79.21351		53.96176		54		11.82965		40.05763		40		23.16606		98.12755		95.33109		54.2127		52.80844		52.68515		66.85907		35.27945		35.3		94.99446		48.50468		48.51		52.81525
18216		3.784957		3.78675		39.65652		12.04789		12.15235		55.33982		23.08315		23.19013		79.8069		54.0442		54		12.15235		40.02297		40		23.07066		98.17207		100.2379		55.77403		52.84502		52.86658		59.79063		35.28746		35.3		96.28403		48.51399		48.51		52.90947
18288		3.784793		3.78675		39.61047		11.90032		11.72854		54.99579		23.13063		23.11882		79.73211		53.9407		54		11.72854		40.01491		40		23.05343		98.7433		98.45783		54.79347		52.88067		52.76958		66.39805		35.3016		35.3		98.51892		48.50653		48.51		52.83437
18360		3.784802		3.78675		39.6131		12.08237		11.70184		54.96851		23.13613		23.11355		79.61566		53.9347		54		11.70184		40.05878		40		23.18355		97.85541		100.6931		55.24806		52.8629		52.62499		72.07646		35.30973		35.3		99.79833		48.50637		48.51		52.83282
18432		3.784878		3.78675		39.6359		12.01479		12.03724		55.59309		23.16722		23.31166		79.93683		54.01725		54		12.03724		40.03286		40		23.11416		98.15359		98.70943		54.9974		52.8686		52.88265		59.95062		35.29206		35.3		96.99816		48.51239		48.51		52.89291
18504		3.785929		3.78675		39.94371		11.85758		11.8537		55.37498		23.06903		23.16381		79.723		53.97029		54		11.8537		39.96619		40		22.92471		98.93614		101.1172		55.73385		52.94749		52.77493		69.31765		35.30919		35.3		99.72951		48.51033		48.51		52.8712
18576		3.786067		3.78675		39.98432		11.76228		11.85217		55.33873		23.08135		22.90927		79.33152		53.97085		54		11.85217		39.96492		40		22.91945		97.67262		99.71647		55.15806		52.797		52.81377		60.51556		35.29224		35.3		97.03345		48.51024		48.51		52.87053
18648		3.786104		3.78675		39.99617		12.09122		12.11213		55.364		23.06147		23.06185		79.60303		54.03668		54		12.11213		39.96736		40		22.92628		97.91889		99.26765		55.14075		52.91892		52.86594		63.91411		35.30386		35.3		98.87466		48.49857		48.51		52.753
18720		3.788794		3.78675		40.78239		12.23439		12.06303		55.31991		23.1474		22.96536		79.51387		54.02332		54		12.06303		39.97777		40		22.95939		97.36149		99.27667		55.27753		52.7919		53.0338		50.01235		35.30242		35.3		98.64443		48.51276		48.51		52.89486
18792		3.787165		3.78675		40.3073		11.86122		12.52601		56.18224		23.05073		23.12452		79.6056		54.13802		54		12.52601		39.97832		40		22.96146		98.38223		99.05626		55.17665		52.79183		52.97268		52.70738		35.29379		35.3		97.2793		48.50948		48.51		52.86136
18864		3.787211		3.78675		40.32286		11.90061		11.47273		54.87593		22.95874		22.94943		79.3789		53.8733		54		11.47273		39.96913		40		22.93166		99.02159		98.53374		55.50221		52.81232		52.83876		60.23573		35.29221		35.3		97.04892		48.51839		48.51		52.95119
18936		3.7869		3.78675		40.23206		11.95893		11.94284		55.14299		23.00638		23.02137		79.45107		53.99338		54		11.94284		39.97432		40		22.94395		97.96996		103.591		55.71586		52.85701		52.89769		59.7513		35.31614		35.3		100.824		48.48404		48.51		52.60629
19008		3.786395		3.78675		40.08535		12.02012		12.57117		55.96305		23.14878		23.10091		79.51745		54.1516		54		12.57117		40.02929		40		23.10231		97.8395		95.71461		54.44143		52.85586		52.90908		58.85272		35.30925		35.3		99.73056		48.50863		48.51		52.85323
19080		3.787385		3.78675		40.37522		12.16894		11.97306		55.34182		23.01598		23.03925		79.68728		53.99972		54		11.97306		40.05554		40		23.18162		97.70942		96.84444		54.96099		52.84136		52.99439		54.34504		35.29247		35.3		97.07698		48.48576		48.51		52.62267
19152		3.787339		3.78675		40.36222		11.83961		11.6331		55.23184		22.90823		23.05102		79.69998		53.91326		54		11.6331		39.99136		40		22.99656		98.67533		96.8365		54.64429		52.9745		52.85895		67.04422		35.2847		35.3		95.84438		48.48488		48.51		52.61372
19224		3.788908		3.78675		40.82098		12.00815		11.78831		55.24248		23.08003		22.86853		79.3379		53.95144		54		11.78831		39.93099		40		22.82041		98.37105		98.22489		55.03049		52.80371		52.82422		60.42052		35.28893		35.3		96.51601		48.50999		48.51		52.86612
19296		3.785016		3.78675		39.68697		11.92284		12.24912		55.93122		22.89011		22.96716		79.53099		54.06582		54		12.24912		40.04125		40		23.1384		98.16758		98.48663		55.35947		52.80909		52.90384		56.76673		35.29479		35.3		97.44724		48.50027		48.51		52.76826
19368		3.787739		3.78675		40.48011		12.12908		12.02459		55.56596		22.94185		22.92651		79.42078		54.00732		54		12.02459		39.97971		40		22.95766		98.31016		98.24789		54.89539		52.81763		52.83557		60.33878		35.30035		35.3		98.31397		48.52298		48.51		52.99632
19440		3.786583		3.78675		40.14372		11.96234		12.14297		55.66739		22.98964		22.82641		79.22015		54.03569		54		12.14297		39.96881		40		22.92274		98.79748		96.01212		54.99971		52.96155		52.70365		73.59039		35.31038		35.3		99.92038		48.51704		48.51		52.9373
19512		3.787504		3.78675		40.41112		11.95513		12.16522		55.63009		22.96227		22.94595		79.45067		54.04138		54		12.16522		39.97849		40		22.9486		97.9298		100.3311		55.14643		52.87285		52.9121		59.7657		35.30322		35.3		98.77128		48.51717		48.51		52.93862
19584		3.786252		3.78675		40.04491		12.10616		11.8569		55.34628		22.91186		22.91661		79.45771		53.96287		54		11.8569		40.03416		40		23.10733		98.01887		99.3778		55.14494		52.8142		53.00974		52.11031		35.28684		35.3		96.17214		48.5064		48.51		52.83085
19656		3.784601		3.78675		39.56281		11.99724		12.28448		55.89228		23.06351		23.06254		79.58257		54.06898		54		12.28448		39.98617		40		22.96884		99.05375		98.76192		55.18356		52.85731		52.78527		64.64869		35.29318		35.3		97.18583		48.52008		48.51		52.96796
19728		3.786343		3.78675		40.07054		11.89722		11.8819		55.12395		22.96776		22.94831		79.38287		53.97027		54		11.8819		39.92193		40		22.78038		99.20823		99.85031		54.90663		52.86149		52.8103		63.47832		35.2904		35.3		96.74371		48.50839		48.51		52.85159
19800		3.786223		3.78675		40.03526		11.8456		11.9805		55.41623		23.01926		23.12333		79.57189		53.99765		54		11.9805		39.99987		40		23.00426		98.14341		99.64267		54.96458		52.78489		52.96376		52.96814		35.28006		35.3		95.1036		48.51405		48.51		52.90889
19872		3.787453		3.78675		40.3944		12.06648		12.21176		55.59507		23.14201		23.21232		79.75703		54.05635		54		12.21176		39.98823		40		22.97371		98.4594		97.10255		54.79347		52.81219		52.67038		68.4692		35.30907		35.3		99.69967		48.50447		48.51		52.81234
19944		3.786833		3.78675		40.21307		12.04533		12.16237		55.69701		22.96458		23.12071		79.81173		54.04247		54		12.16237		40.03339		40		23.10915		98.16126		97.96594		54.84736		52.80552		52.83219		60.39643		35.30763		35.3		99.46187		48.493		48.51		52.69605
20016		3.78701		3.78675		40.26554		12.20544		12.01944		55.49714		22.90542		23.05913		79.61037		54.00366		54		12.01944		39.99824		40		23.00711		98.91391		100.3041		56.04714		52.89407		52.75198		68.26229		35.31128		35.3		100.0589		48.52987		48.51		53.06648
20088		3.786901		3.78675		40.23319		12.0022		12.16697		55.44311		22.9814		23.07119		79.50559		54.04256		54		12.16697		40.00787		40		23.03291		98.53418		95.62655		54.50523		52.85635		52.82152		63.04139		35.3042		35.3		98.93019		48.50982		48.51		52.86571
20160		3.786902		3.78675		40.23238		11.77908		12.0348		55.75302		22.88266		22.7485		79.1596		54.00949		54		12.0348		39.95759		40		22.88215		97.72152		97.67172		54.94723		52.95106		52.88447		64.54842		35.29204		35.3		96.99649		48.51059		48.51		52.87432
20232		3.786022		3.78675		39.97611		11.93272		12.28091		55.70118		23.10099		23.08714		79.62712		54.07151		54		12.28091		40.03062		40		23.09448		98.70623		98.9236		55.219		52.91228		52.82923		65.31835		35.30379		35.3		98.86682		48.51489		48.51		52.91727
20304		3.78665		3.78675		40.15953		11.89851		11.71648		55.06338		23.01997		22.88245		79.43126		53.93146		54		11.71648		39.99631		40		22.99661		97.91381		96.25772		54.58398		52.94158		52.71584		72.58985		35.31745		35.3		101.0239		48.51308		48.51		52.8993
20376		3.78796		3.78675		40.54153		12.02096		12.22362		55.70339		22.94209		23.05841		79.69664		54.05881		54		12.22362		39.97485		40		22.93527		98.02439		96.61437		54.53047		52.8391		52.87409		59.74953		35.29192		35.3		96.97074		48.4941		48.51		52.70835
20448		3.785209		3.78675		39.73896		12.03638		12.06862		55.61142		23.04922		22.88177		79.51308		54.01853		54		12.06862		40.03646		40		23.11793		98.14657		97.62082		54.90412		52.88649		52.8617		62.75038		35.30311		35.3		98.74608		48.50029		48.51		52.77001
20520		3.787274		3.78675		40.34055		11.99086		12.08063		55.59813		22.95639		23.09465		79.6298		54.02069		54		12.08063		39.92833		40		22.80532		97.91551		98.47266		55.42637		52.87896		52.80235		65.44667		35.32968		35.3		102.9643		48.50078		48.51		52.77505
20592		3.78342		3.78675		39.21744		11.92138		11.97211		55.30971		22.93726		23.04933		79.53041		53.99553		54		11.97211		39.98925		40		22.97864		97.61823		97.65472		54.77089		52.82108		52.77035		63.74075		35.29575		35.3		97.58557		48.51181		48.51		52.88678
20664		3.787327		3.78675		40.35669		12.05041		12.04208		55.39882		23.02712		22.95061		79.41277		54.01395		54		12.04208		39.92842		40		22.80094		98.08042		102.1654		55.79035		52.83624		52.98178		54.01016		35.30492		35.3		99.03638		48.50626		48.51		52.83109
20736		3.784867		3.78675		39.63911		12.05007		11.65722		54.89277		23.17296		23.08202		79.59254		53.91778		54		11.65722		40.06248		40		23.1918		97.46046		98.07215		55.26152		52.92951		52.8922		62.98624		35.28848		35.3		96.43849		48.49648		48.51		52.73287
20808		3.787173		3.78675		40.31125		12.09189		12.02751		55.32764		22.97955		23.08566		79.64437		54.01127		54		12.02751		40.00662		40		23.03173		98.54334		99.22444		54.97296		52.82146		52.89637		57.72931		35.30084		35.3		98.38736		48.51275		48.51		52.89589
20880		3.786491		3.78675		40.11144		12.04544		12.07186		55.69603		22.98518		23.04111		79.53601		54.01996		54		12.07186		40.05538		40		23.17195		98.19635		97.09857		54.98733		52.94271		52.79422		68.15697		35.30086		35.3		98.38955		48.50002		48.51		52.7675
20952		3.786556		3.78675		40.13097		11.99611		12.17612		55.71374		22.92966		23.08245		79.63604		54.04502		54		12.17612		40.00567		40		23.02731		98.20981		98.98178		55.20489		52.84478		52.84945		61.17955		35.31644		35.3		100.8618		48.5043		48.51		52.81077
21024		3.787327		3.78675		40.35658		11.77269		12.24364		55.69305		22.89491		22.94552		79.39789		54.06382		54		12.24364		39.95088		40		22.86509		99.06858		96.44603		54.55048		52.86826		52.93265		58.09974		35.28784		35.3		96.33914		48.50996		48.51		52.86842
21096		3.786255		3.78675		40.04462		12.12736		11.95476		55.09773		23.01829		22.96718		79.47526		53.99305		54		11.95476		40.04993		40		23.15097		97.98277		97.58094		54.81302		52.90727		52.73866		69.27795		35.31883		35.3		101.2395		48.49058		48.51		52.67502
21168		3.785876		3.78675		39.93497		12.06542		12.04777		55.61704		22.96429		23.00757		79.71827		54.01543		54		12.04777		40.04373		40		23.13579		98.24358		96.76969		54.9614		52.8489		52.96317		55.38425		35.3057		35.3		99.16116		48.5234		48.51		53.00383
21240		3.785995		3.78675		39.96892		11.88066		12.26523		55.94008		23.06442		22.92725		79.45115		54.06867		54		12.26523		39.96583		40		22.91301		99.01261		97.30051		54.93037		52.84866		52.76914		64.50862		35.30033		35.3		98.31383		48.51276		48.51		52.89681
21312		3.785895		3.78675		39.94078		12.00142		12.10651		55.37614		22.93106		23.00765		79.50208		54.02932		54		12.10651		39.99994		40		23.01064		97.89063		97.01933		54.94795		52.8839		53.10362		50.66981		35.28205		35.3		95.42119		48.51389		48.51		52.90909
21384		3.786177		3.78675		40.02199		11.95572		12.05365		55.64924		22.9607		22.85547		79.39809		54.01585		54		12.05365		39.95819		40		22.88825		97.84119		96.32954		54.35477		52.89016		52.79137		66.14849		35.3018		35.3		98.52705		48.51284		48.51		52.89834
21456		3.786535		3.78675		40.12594		12.24192		12.23772		55.88949		22.96325		22.96455		79.58802		54.05762		54		12.23772		39.97518		40		22.93834		98.62616		97.34917		55.21455		52.88476		52.81559		64.25567		35.28157		35.3		95.33159		48.50937		48.51		52.86295
21528		3.785103		3.78675		39.70722		11.91252		11.92201		55.42909		22.84753		22.99688		79.63673		53.97789		54		11.92201		39.9578		40		22.88856		98.35838		97.93695		55.10392		52.83897		52.94519		56.41641		35.28525		35.3		95.91973		48.51292		48.51		52.89859
21600		3.787707		3.78675		40.46688		12.0662		11.70268		55.07825		22.81771		22.96694		79.32712		53.92365		54		11.70268		39.96651		40		22.90631		99.134		100.5129		55.27487		52.88071		52.82335		64.13298		35.30371		35.3		98.83893		48.51913		48.51		52.96243
21672		3.788134		3.78675		40.59047		11.95818		12.02174		55.40612		22.92336		22.95001		79.52831		54.00447		54		12.02174		40.05832		40		23.16955		98.65638		100.5577		55.36184		52.86365		53.04971		52.38957		35.3098		35.3		99.80503		48.48329		48.51		52.60279
21744		3.786126		3.78675		40.00429		11.93031		11.81389		55.25925		23.04633		23.07502		79.60734		53.95335		54		11.81389		40.05363		40		23.15752		98.65347		97.26826		54.7328		52.89336		52.91804		60.02209		35.30318		35.3		98.75626		48.51715		48.51		52.94338
21816		3.785713		3.78675		39.88408		11.75323		11.57292		55.06797		23.07711		22.96889		79.48556		53.89393		54		11.57292		39.98489		40		22.95929		98.49072		97.87362		55.06843		52.92518		52.87175		63.59336		35.31125		35.3		100.0401		48.51404		48.51		52.91248
21888		3.789136		3.78675		40.8813		11.85631		12.16584		55.67641		22.9989		23.04092		79.67874		54.04439		54		12.16584		40.06144		40		23.18458		98.67706		99.29244		54.88176		52.90361		52.94675		59.32487		35.30835		35.3		99.57002		48.49891		48.51		52.76008
21960		3.785655		3.78675		39.86546		11.97835		11.74829		55.11379		23.0341		23.182		79.81867		53.93976		54		11.74829		40.04985		40		23.15485		98.84191		98.85985		55.09539		52.87129		52.90593		59.66224		35.31221		35.3		100.183		48.52909		48.51		53.06263
22032		3.78719		3.78675		40.31405		11.92212		11.98242		55.32568		23.05934		23.04936		79.64821		53.99993		54		11.98242		40.06079		40		23.19023		99.18415		98.12723		55.31648		52.85799		52.87843		60.15057		35.31892		35.3		101.2624		48.52079		48.51		52.97936
22104		3.787611		3.78675		40.43613		11.92274		11.89603		55.07846		23.07429		22.98203		79.49337		53.98144		54		11.89603		39.96746		40		22.92086		97.61809		97.7607		54.47688		52.83742		52.80987		62.6923		35.29422		35.3		97.3285		48.52881		48.51		53.05907
22176		3.786595		3.78675		40.14196		11.99872		12.0924		55.47027		23.10121		23.05147		79.52139		54.0308		54		12.0924		40.05135		40		23.16381		97.8833		98.80196		55.39904		52.81944		52.77462		63.02999		35.28661		35.3		96.13899		48.5003		48.51		52.77309
22248		3.788321		3.78675		40.64461		11.94273		11.98606		55.37555		23.17129		23.20153		79.83696		54.0044		54		11.98606		40.03469		40		23.12113		97.83073		98.82743		55.15932		52.87579		52.98286		56.0571		35.30755		35.3		99.45067		48.51811		48.51		52.95055
22320		3.786396		3.78675		40.08344		12.12888		11.98108		55.34989		23.01983		23.0489		79.62163		54.00232		54		11.98108		40.02034		40		23.0805		97.37481		98.88491		55.29625		52.84046		52.91225		57.68789		35.29164		35.3		96.9283		48.51318		48.51		52.90048
22392		3.787593		3.78675		40.4333		12.10006		11.95082		55.40818		23.09769		22.93578		79.39106		53.99359		54		11.95082		40.02742		40		23.10065		98.29		96.10946		54.60762		52.86165		52.98243		55.23344		35.30716		35.3		99.38461		48.50213		48.51		52.78873
22464		3.786177		3.78675		40.02009		12.04653		11.70357		55.24448		22.96525		22.9827		79.46005		53.92978		54		11.70357		39.9944		40		23.00255		97.89267		98.14715		55.08332		52.80046		52.85766		58.53331		35.29966		35.3		98.19738		48.50351		48.51		52.80248
22536		3.786922		3.78675		40.23771		11.90332		12.1024		55.78746		22.92341		23.01759		79.5136		54.02858		54		12.1024		39.9749		40		22.94343		98.63986		97.30949		54.84148		52.80724		52.98876		52.40327		35.29909		35.3		98.10671		48.51258		48.51		52.89356
22608		3.788144		3.78675		40.59408		12.01523		11.7928		55.16213		22.98196		22.94527		79.37914		53.95045		54		11.7928		39.9525		40		22.87527		98.53152		99.19045		55.32296		52.94815		52.85435		65.79514		35.31585		35.3		100.7678		48.51605		48.51		52.92892
22680		3.785723		3.78675		39.8881		11.79163		12.09342		55.67673		23.0234		23.09453		79.51534		54.026		54		12.09342		39.9961		40		22.99956		98.48899		97.9389		54.77638		52.85648		52.90315		59.37476		35.32723		35.3		102.5611		48.49495		48.51		52.71682
22752		3.787686		3.78675		40.46054		12.0594		12.20326		55.66963		23.09336		23.0829		79.55376		54.05283		54		12.20326		40.02978		40		23.09801		97.95776		100.9622		55.41415		52.8598		52.8823		60.40115		35.29403		35.3		97.29879		48.50044		48.51		52.7714
22824		3.784276		3.78675		39.46703		12.01034		12.03364		55.45739		23.04478		22.93112		79.44099		54.0102		54		12.03364		40.02913		40		23.09748		98.52731		97.37939		55.19084		52.8388		52.81236		62.54114		35.28068		35.3		95.19843		48.52501		48.51		53.01804
22896		3.788516		3.78675		40.70336		11.97943		11.82557		55.09429		22.96228		23.04634		79.62103		53.96016		54		11.82557		39.98763		40		22.97738		98.2848		99.26601		54.88541		52.9349		52.88063		63.94584		35.30645		35.3		99.26882		48.51246		48.51		52.89179
22968		3.787616		3.78675		40.44143		11.99878		11.94909		55.37531		23.0175		22.96084		79.54359		53.99155		54		11.94909		39.98231		40		22.96228		98.70505		98.12315		54.66857		52.88688		52.73905		68.53553		35.30043		35.3		98.31111		48.52385		48.51		53.00607
23040		3.785562		3.78675		39.84267		11.86146		12.07398		55.62632		23.06926		22.97981		79.63644		54.02271		54		12.07398		39.99838		40		23.01188		98.0177		98.80086		55.02198		52.8039		52.87224		58.25331		35.30465		35.3		98.98136		48.51378		48.51		52.90412
23112		3.787664		3.78675		40.45416		12.09204		12.32636		55.77507		23.00974		23.10376		79.71781		54.08538		54		12.32636		39.9325		40		22.82296		98.13087		96.72776		54.31675		52.79904		52.9182		55.77875		35.31704		35.3		100.9328		48.50994		48.51		52.86474
23184		3.786034		3.78675		39.97906		12.00604		12.15436		55.66302		22.99953		22.96535		79.46579		54.04083		54		12.15436		40.01619		40		23.06433		98.08511		97.79832		55.02322		52.8418		52.94888		55.94215		35.29887		35.3		98.06408		48.51347		48.51		52.89914
23256		3.784683		3.78675		39.58341		12.22066		12.0056		55.44631		23.02612		22.99574		79.44282		54.00147		54		12.0056		39.95316		40		22.88004		98.57463		100.8548		55.40497		52.85764		52.83719		62.10031		35.30028		35.3		98.28403		48.51112		48.51		52.87497
23328		3.786957		3.78675		40.24657		11.93219		11.87828		55.53439		22.79682		23.02176		79.51657		53.96848		54		11.87828		39.99151		40		22.98596		98.62945		97.11863		55.18816		52.88156		52.88991		60.71217		35.2902		35.3		96.69904		48.49931		48.51		52.75625
23400		3.784286		3.78675		39.46687		11.98915		11.9563		55.23156		23.00788		22.92418		79.38134		53.98998		54		11.9563		39.96609		40		22.90926		97.3261		98.19121		54.80696		52.95352		52.8072		68.44832		35.28511		35.3		95.88229		48.50674		48.51		52.83093
23472		3.786828		3.78675		40.20865		11.87251		11.89591		55.41033		22.90204		22.91375		79.42603		53.97544		54		11.89591		39.96449		40		22.90212		97.55324		97.23527		54.64817		52.86109		52.89324		60.23485		35.30475		35.3		98.98773		48.49675		48.51		52.73029
23544		3.78671		3.78675		40.17365		11.9808		12.13612		55.65743		23.07278		23.03367		79.53281		54.03548		54		12.13612		40.04214		40		23.12821		98.24776		98.47468		55.19117		52.86869		52.91107		59.59871		35.31046		35.3		99.90477		48.51248		48.51		52.88796
23616		3.787053		3.78675		40.27468		11.83257		12.05262		55.62862		22.93086		22.92922		79.38106		54.0151		54		12.05262		39.9409		40		22.83378		98.35754		99.81345		55.4887		52.90856		53.00141		56.59804		35.29869		35.3		98.04783		48.50959		48.51		52.8594
23688		3.788198		3.78675		40.60799		12.00639		11.79233		55.15212		22.94247		23.17144		79.67709		53.95067		54		11.79233		40.01888		40		23.05769		97.47924		97.51992		54.81521		52.85929		52.92521		58.42901		35.29386		35.3		97.27496		48.51431		48.51		52.90705
23760		3.785075		3.78675		39.69713		11.85325		12.20299		55.71346		23.05407		23.14414		79.70512		54.05489		54		12.20299		40.03278		40		23.0999		98.54163		96.09737		54.47367		52.93406		52.99339		58.97698		35.30544		35.3		99.11301		48.50215		48.51		52.78563
23832		3.787417		3.78675		40.38078		11.9456		11.77497		55.10938		23.01331		23.29971		79.96983		53.94878		54		11.77497		40.00728		40		23.02989		98.38013		98.53539		54.9897		52.84275		52.78647		64.20468		35.29529		35.3		97.50743		48.51212		48.51		52.88551
23904		3.788395		3.78675		40.66597		11.9631		11.86517		55.25537		23.07774		23.09851		79.73303		53.97222		54		11.86517		40.04662		40		23.14835		98.88194		100.7597		55.24742		52.89002		52.87572		62.32904		35.29964		35.3		98.19523		48.50229		48.51		52.7863
23976		3.787394		3.78675		40.3742		11.85532		11.76704		55.38741		23.11674		23.03691		79.54964		53.94673		54		11.76704		40.05067		40		23.16313		98.31855		96.2231		54.59455		52.96995		52.78822		70.07036		35.29103		35.3		96.82389		48.49948		48.51		52.75754
24048		3.78621		3.78675		40.02918		11.90936		11.93225		55.67605		23.02722		23.03922		79.58647		53.98588		54		11.93225		39.95915		40		22.89913		98.22223		95.68847		54.86632		52.91995		52.84781		64.75758		35.29978		35.3		98.21708		48.50954		48.51		52.85759
24120		3.787056		3.78675		40.27566		11.90987		12.01042		55.42588		22.94717		22.96635		79.41307		54.00579		54		12.01042		39.91919		40		22.7811		98.44646		98.6548		55.11615		52.82383		52.94927		55.11204		35.29526		35.3		97.50395		48.51772		48.51		52.93966
24192		3.787091		3.78675		40.28593		11.90474		11.72003		55.35893		23.01374		22.9241		79.27682		53.93217		54		11.72003		39.99181		40		22.98751		98.76183		101.4313		55.57162		52.84515		52.8949		59.24395		35.3046		35.3		98.98123		48.5165		48.51		52.92797
24264		3.785421		3.78675		39.79838		11.99535		12.09577		55.55016		22.98203		23.02526		79.56974		54.02682		54		12.09577		39.9883		40		22.97636		98.08837		97.04239		54.40521		52.78287		52.81908		60.0594		35.29888		35.3		98.06163		48.51171		48.51		52.87959
24336		3.78682		3.78675		40.20757		12.17139		11.7106		55.13671		22.98485		23.00098		79.48582		53.92878		54		11.7106		39.96231		40		22.90077		99.04163		96.82176		55.03599		52.84608		52.76732		65.66826		35.30118		35.3		98.44484		48.51164		48.51		52.87937
24408		3.787107		3.78675		40.29042		12.08144		12.16761		55.71742		23.0739		22.87004		79.29013		54.0433		54		12.16761		40.0256		40		23.08391		97.6709		103.3751		55.84886		52.90181		52.91467		60.97995		35.30621		35.3		99.22912		48.52442		48.51		53.00731
24480		3.787819		3.78675		40.49875		12.0161		11.77807		55.23584		22.94119		23.09176		79.46886		53.94486		54		11.77807		40.00212		40		23.01152		99.02843		100.5115		55.50701		52.87128		52.89948		60.22971		35.30113		35.3		98.43779		48.48153		48.51		52.57782
24552		3.787102		3.78675		40.29075		11.98491		11.91263		55.1992		22.93976		22.89374		79.40238		53.98034		54		11.91263		39.96244		40		22.89483		98.72001		98.83092		54.98906		52.80681		52.95242		54.3223		35.32386		35.3		102.0403		48.52942		48.51		53.05991
24624		3.785721		3.78675		39.8881		11.92706		11.71871		55.09475		23.04257		22.96245		79.41329		53.93318		54		11.71871		40.03108		40		23.09267		99.2156		98.84026		54.57804		52.85227		52.9059		58.95726		35.30735		35.3		99.41322		48.49823		48.51		52.74727
