Trend data for Model:	
Model time base:		12
Plot duration (secs):		3444

Plot information - trends












Plot information - trajectories














Tag-names		24_PC1024:Measurement		24_PC1024:InternalSetpoint		24_PC1024:ControllerOutput		24_FC1005:Measurement		24_FC1005:InternalSetpoint		24_FC1005:ControllerOutput		24_FC1019:Measurement		24_FC1019:InternalSetpoint		24_FC1019:ControllerOutput		24_LC1016:Measurement		24_LC1016:InternalSetpoint		24_LC1016:ControllerOutput		24_LC1015:Measurement		24_LC1015:InternalSetpoint		24_LC1015:ControllerOutput		24_FC1015:Measurement		24_FC1015:InternalSetpoint		24_FC1015:ControllerOutput		24_LC1028:Measurement		24_LC1028:InternalSetpoint		24_LC1028:ControllerOutput		24_TC1015:Measurement		24_TC1015:InternalSetpoint		24_TC1015:ControllerOutput		24_TC1088:Measurement		24_TC1088:InternalSetpoint		24_TC1088:ControllerOutput
Units		barg		barg		%		t/h		t/h		%		t/h		t/h		%		%		%		t/h		%		%		t/h		t/h		t/h		%		%		%		%		C		C		t/h		C		C		%
Legend titles																																																						
0		3.789464		3.78675		40.97492		11.9256		12.0965		54		22.97217		22.96308		79.42691		54.02393		54		12.0965		39.95633		40		22.96308		98.24007		98.45735		54.94209		52.85818		52.79315		62.01056		35.31593		35.3		98.45735		48.50288		48.51		52.79315
12		3.788514		3.78675		40.69757		12.17156		12.13644		55.37908		23.01981		23.06106		79.51801		54.03397		54		12.13644		40.0048		40		23.10278		98.12136		98.37003		54.99221		52.8909		53.00008		55.98685		35.29233		35.3		98.11795		48.52551		48.51		53.01957
24		3.787026		3.78675		40.26399		11.9756		11.93718		55.39657		23.04088		23.13835		79.62836		53.98398		54		11.93718		39.92793		40		22.87948		98.18581		98.10408		54.95273		52.94362		52.90882		63.12172		35.28982		35.3		98.08585		48.50691		48.51		52.83373
36		3.785583		3.78675		39.84345		11.91866		11.73483		55.2453		23.02542		23.09213		79.60521		53.93319		54		11.73483		39.90452		40		22.81103		98.27989		98.28351		54.99014		52.95331		52.83725		66.88123		35.28402		35.3		98.00572		48.50436		48.51		52.80839
48		3.787312		3.78675		40.3481		12.05691		12.08023		55.43169		22.97021		22.93652		79.52697		54.01991		54		12.08023		39.99165		40		23.06301		98.22727		98.20619		55.00809		52.97184		52.85215		67.11815		35.30283		35.3		98.28244		48.51002		48.51		52.86527
60		3.786265		3.78675		40.0433		12.11652		12.29021		55.56073		22.98795		23.05929		79.60649		54.07263		54		12.29021		39.96887		40		22.99621		98.21048		98.44895		55.05991		52.91636		52.82569		65.80382		35.28659		35.3		98.05094		48.51894		48.51		52.95472
72		3.787715		3.78675		40.46537		12.01729		11.80046		55.15841		22.93507		23.05116		79.65686		53.94974		54		11.80046		40.01987		40		23.14339		98.2614		98.30893		55.01525		52.85651		53.00306		54.65167		35.27385		35.3		97.86497		48.51945		48.51		52.95975
84		3.7871		3.78675		40.28629		11.95298		12.1188		55.57553		23.06233		22.94847		79.47932		54.02954		54		12.1188		40.02344		40		23.15335		98.299		98.37875		55.03503		52.88955		52.90297		61.12134		35.29469		35.3		98.16837		48.49685		48.51		52.73381
96		3.787564		3.78675		40.42195		12.06132		12.1489		55.52918		23.0189		23.05998		79.61114		54.03723		54		12.1489		39.92852		40		22.87758		98.27719		98.24755		55.01614		52.88943		52.72674		69.46589		35.30255		35.3		98.28472		48.51091		48.51		52.87449
108		3.785491		3.78675		39.8178		12.10633		12.14517		55.3898		22.96234		22.86781		79.47572		54.03648		54		12.14517		40.00034		40		23.08501		98.28279		98.13019		55.0072		52.87426		52.94458		58.16211		35.29331		35.3		98.15527		48.49956		48.51		52.7612
120		3.787262		3.78675		40.33416		11.95167		11.96669		55.41289		23.00944		23.17395		79.73154		53.99169		54		11.96669		39.97304		40		23.00535		98.24956		98.18907		55.01108		52.91866		52.97594		59.01252		35.30462		35.3		98.31773		48.50445		48.51		52.81029
132		3.786786		3.78675		40.19546		11.98475		11.77378		55.15073		22.99749		22.95744		79.50285		53.9435		54		11.77378		39.94287		40		22.91718		98.26665		98.2233		55.02085		52.87088		52.85585		62.33179		35.30292		35.3		98.29896		48.51563		48.51		52.92235
144		3.786468		3.78675		40.10261		11.96191		12.15927		55.52246		23.07645		22.91013		79.39982		54.04057		54		12.15927		39.98301		40		23.03274		98.31712		98.12758		54.96751		52.8482		52.87574		60.18748		35.29736		35.3		98.21788		48.5039		48.51		52.80505
156		3.787985		3.78675		40.54523		12.01307		11.85294		55.20257		23.0497		23.08974		79.584		53.96376		54		11.85294		39.96333		40		22.97509		98.31585		98.45371		55.03455		52.86347		52.73027		67.99225		35.28661		35.3		98.06675		48.50967		48.51		52.86277
168		3.785333		3.78675		39.77169		11.89146		12.18854		55.65442		23.07866		23.07311		79.53203		54.04823		54		12.18854		39.95981		40		22.96409		98.27888		97.78624		54.92648		52.89316		53.02034		55.3989		35.29008		35.3		98.11923		48.51214		48.51		52.8875
180		3.786501		3.78675		40.11217		11.98801		12.00367		55.35275		23.01751		23.0202		79.55659		54.00201		54		12.00367		39.97785		40		23.01576		98.26325		98.12375		54.96668		52.84455		53.10523		48.92609		35.30378		35.3		98.31381		48.51522		48.51		52.91817
192		3.787032		3.78675		40.2672		11.90996		12.17959		55.60302		22.95189		23.09295		79.70851		54.04632		54		12.17959		39.99112		40		23.05369		98.27915		98.35927		55.00053		52.91608		52.8349		65.2811		35.2776		35.3		97.93626		48.50804		48.51		52.84645
204		3.78517		3.78675		39.72413		11.73532		11.6415		55.2612		23.06579		23.14559		79.66532		53.91139		54		11.6415		40.03094		40		23.1686		98.41925		98.2492		54.94544		52.83146		52.89039		58.46706		35.29792		35.3		98.22718		48.49107		48.51		52.67679
216		3.785777		3.78675		39.90104		12.0397		11.95425		55.29987		23.21684		23.04749		79.41366		53.99001		54		11.95425		39.93513		40		22.89035		98.24844		98.26523		54.98414		52.9432		52.90592		62.89946		35.31518		35.3		98.47874		48.53354		48.51		53.10166
228		3.786412		3.78675		40.08595		11.97712		11.93922		55.28436		23.10966		23.06277		79.50754		53.98643		54		11.93922		40.00323		40		23.087		98.25345		98.0432		54.94466		52.77663		52.77823		61.2789		35.31548		35.3		98.48263		48.51799		48.51		52.94632
240		3.786604		3.78675		40.1419		12.03028		11.89668		55.18305		22.95327		23.01384		79.58251		53.976		54		11.89668		40.0155		40		23.12193		98.12315		98.15864		54.98127		52.84017		53.00413		53.49328		35.28386		35.3		98.02784		48.5104		48.51		52.87033
252		3.787044		3.78675		40.26967		11.8194		11.98837		55.38042		22.96912		22.85376		79.43234		53.9994		54		11.98837		39.9734		40		22.99936		98.33095		98.26611		54.94991		52.80537		52.80598		61.25999		35.28765		35.3		98.08105		48.51853		48.51		52.95151
264		3.788279		3.78675		40.63062		11.92953		11.8477		55.11705		22.93223		23.00729		79.61717		53.96445		54		11.8477		39.96031		40		22.96092		98.25303		98.3235		54.96934		52.87158		52.98016		56.10574		35.27633		35.3		97.91937		48.5001		48.51		52.76727
276		3.786884		3.78675		40.22386		12.04429		11.80844		55.03134		23.07132		23.15223		79.64925		53.95483		54		11.80844		39.95941		40		22.95797		98.23555		98.33138		54.95802		52.90812		52.8716		63.0297		35.31166		35.3		98.42837		48.50816		48.51		52.84801
288		3.785756		3.78675		39.89511		11.805		12.28758		55.72005		23.05324		23.05813		79.57664		54.07552		54		12.28758		39.99362		40		23.05679		98.36058		98.41707		54.95277		52.82446		53.04618		50.74591		35.31981		35.3		98.54952		48.49972		48.51		52.76347
300		3.787418		3.78675		40.37975		11.87855		11.71111		55.07216		22.95367		23.07895		79.69038		53.93119		54		11.71111		39.9902		40		23.04643		98.29226		98.32524		54.9311		52.8784		52.81523		64.31438		35.29774		35.3		98.22913		48.5069		48.51		52.83536
312		3.787674		3.78675		40.45479		11.69875		11.90293		55.55637		23.0257		22.9667		79.53495		53.97949		54		11.90293		39.94028		40		22.90146		98.46179		98.33733		54.90992		52.90576		52.8432		64.31888		35.29549		35.3		98.19892		48.53532		48.51		53.11961
324		3.786255		3.78675		40.0403		12.10162		11.85901		55.12055		23.12648		22.98497		79.43001		53.96857		54		11.85901		39.97915		40		23.01367		98.10296		98.12663		54.9294		52.81365		52.90965		56.52733		35.30055		35.3		98.26941		48.51339		48.51		52.90044
336		3.784994		3.78675		39.6725		11.90841		11.9575		55.39467		23.01159		22.95249		79.52536		53.99348		54		11.9575		39.99566		40		23.06114		98.24688		98.37525		54.93471		52.86925		52.90502		59.50249		35.29991		35.3		98.25657		48.49113		48.51		52.67766
348		3.786714		3.78675		40.17443		11.9973		11.92424		55.2757		23.00208		23.10673		79.67728		53.98527		54		11.92424		39.98735		40		23.03671		98.24278		98.39245		54.96773		52.9082		52.83364		64.67945		35.29138		35.3		98.13808		48.51099		48.51		52.87639
360		3.787772		3.78675		40.48263		12.01919		11.58798		54.8971		23.07901		22.80329		79.35063		53.90096		54		11.58798		40.00619		40		23.09099		98.14359		97.94506		54.91563		52.88733		52.98321		56.38411		35.3169		35.3		98.50553		48.51633		48.51		52.92991
372		3.786365		3.78675		40.07207		11.91871		11.61049		54.9984		22.97123		23.03025		79.65135		53.9067		54		11.61049		39.97616		40		23.00371		98.31498		98.29387		54.95587		52.93768		52.90295		62.59912		35.29039		35.3		98.12489		48.50697		48.51		52.83654
384		3.785241		3.78675		39.7446		11.98102		12.08728		55.4006		23.04025		22.83941		79.38002		54.02665		54		12.08728		39.97335		40		22.99513		98.26282		98.27302		54.97065		52.94243		52.87021		64.51269		35.29183		35.3		98.14978		48.5123		48.51		52.88998
396		3.788098		3.78675		40.57806		11.98662		12.01393		55.32033		23.04973		23.0843		79.61028		54.00842		54		12.01393		39.96693		40		22.97621		98.22041		98.39021		54.99417		52.88428		52.89898		60.33037		35.30297		35.3		98.3097		48.51195		48.51		52.88644
408		3.786127		3.78675		40.00263		11.91408		12.18692		55.59011		23.03023		22.9726		79.51453		54.05186		54		12.18692		39.97742		40		23.00623		98.20538		98.11067		54.94048		52.79375		52.73536		63.86246		35.29487		35.3		98.19019		48.52231		48.51		52.99011
420		3.787236		3.78675		40.32637		11.96472		11.93672		55.32888		21.84678		20.04554		77.42762		53.989		54		11.93672		39.97342		41		20.09303		98.21508		98.47409		55.01184		52.84303		52.7944		63.41323		35.30086		35.3		98.27659		48.51279		48.51		52.89483
432		3.788092		3.78675		40.57692		11.72816		12.0182		55.51677		21.19703		20.12686		74.953		54.00985		54		12.0182		39.89418		41		19.83426		98.3823		98.49673		55.02348		52.84193		52.93481		56.50692		35.31492		35.3		98.48896		48.51819		48.51		52.94906
444		3.789188		3.78675		40.8966		11.89462		11.91853		55.40674		20.69728		20.35675		74.10898		53.98481		54		11.91853		40.0401		41		20.22914		98.22295		98.30964		55.01035		52.79959		52.79455		61.22696		35.29076		35.3		98.14161		48.52729		48.51		53.0402
456		3.787286		3.78675		40.34193		12.01444		11.89768		55.23782		20.50262		20.30959		73.65094		53.97965		54		11.89768		40.08149		41		20.32264		98.22094		98.14719		54.98427		52.98913		52.85409		67.52345		35.3127		35.3		98.45724		48.4995		48.51		52.76217
468		3.786284		3.78675		40.05001		11.84479		11.84056		55.37251		20.49894		20.55885		73.75116		53.96529		54		11.84056		40.19729		41		20.63348		98.48086		98.2031		54.96594		52.8557		52.9119		58.51481		35.29857		35.3		98.25664		48.51115		48.51		52.8786
480		3.786455		3.78675		40.09999		11.87836		12.39268		55.89525		20.51804		20.80076		74.01129		54.10394		54		12.39268		40.27203		41		20.82691		98.34211		98.04237		54.95959		52.90119		53.0612		53.47642		35.29598		35.3		98.21998		48.5148		48.51		52.91531
492		3.787105		3.78675		40.28951		12.09889		11.90372		55.15521		20.74753		20.78564		74.01114		53.9813		54		11.90372		40.2093		41		20.62366		98.1477		98.20519		55.0308		52.85586		52.9308		57.42822		35.2869		35.3		98.09152		48.50616		48.51		52.82919
504		3.785832		3.78675		39.91814		11.95529		11.84448		55.30643		20.93078		21.01565		74.3371		53.96645		54		11.84448		40.31894		41		20.9215		98.35989		98.216		54.99914		52.86467		52.87482		60.57265		35.29533		35.3		98.21461		48.53652		48.51		53.13285
516		3.786941		3.78675		40.24213		11.95779		12.01835		55.43698		20.92499		21.09316		74.70724		54.0101		54		12.01835		40.36695		41		21.04227		98.28228		98.40271		55.04912		52.87356		52.79783		64.79992		35.31185		35.3		98.45315		48.50856		48.51		52.85325
528		3.786855		3.78675		40.21683		11.94571		11.47468		54.95699		21.13049		21.2528		74.97655		53.87365		54		11.47468		40.41754		41		21.1723		98.21438		98.1194		55.00853		52.81959		52.79185		62.40285		35.28229		35.3		98.02795		48.49973		48.51		52.7648
540		3.786375		3.78675		40.07704		12.06131		12.23009		55.5721		21.38379		21.43208		75.1775		54.06324		54		12.23009		40.49686		41		21.3865		98.28571		98.14282		55.00884		52.86821		52.90144		59.53988		35.284		35.3		98.05318		48.50588		48.51		52.82636
552		3.78906		3.78675		40.8607		11.98896		11.48705		54.85823		21.37095		21.4552		75.47986		53.8768		54		11.48705		40.49531		41		21.36775		98.37716		98.38702		55.05339		52.8909		52.87712		61.79051		35.31443		35.3		98.49563		48.52799		48.51		53.04744
564		3.788202		3.78675		40.6105		11.97557		11.76689		55.15602		21.51256		21.56824		75.69135		53.94713		54		11.76689		40.54505		41		21.49881		98.33628		98.31481		55.0478		52.84354		52.96356		55.43776		35.31259		35.3		98.47123		48.52847		48.51		53.0524
576		3.787245		3.78675		40.33113		11.96039		11.94266		55.35253		21.57896		21.47156		75.78283		53.99138		54		11.94266		40.63298		41		21.7417		98.23089		98.12726		55.01977		52.89143		52.79689		65.63034		35.28547		35.3		98.08043		48.51235		48.51		52.89121
588		3.787141		3.78675		40.30068		11.96016		11.81633		55.25349		21.60883		21.69251		76.1722		53.95973		54		11.81633		40.63261		41		21.7297		98.23861		98.34467		55.05002		52.79513		52.67098		67.02201		35.29497		35.3		98.21732		48.53981		48.51		53.16581
600		3.788993		3.78675		40.8408		12.0618		11.93612		55.21147		21.73537		21.8127		76.42209		53.98984		54		11.93612		40.71058		41		21.94595		98.16974		98.04494		54.99728		52.84658		52.81418		62.5918		35.29809		35.3		98.25892		48.50829		48.51		52.85064
612		3.786543		3.78675		40.12665		11.94087		11.8466		55.25253		21.83186		21.88618		76.62273		53.96752		54		11.8466		40.65388		41		21.7728		98.31226		98.47668		55.04253		52.98631		52.93327		63.56736		35.30987		35.3		98.43016		48.5301		48.51		53.06887
624		3.787244		3.78675		40.33054		11.89565		11.85412		55.33592		21.9116		21.93387		76.79471		53.96964		54		11.85412		40.77139		41		22.1055		98.29461		98.02912		54.93704		52.80649		52.74937		63.77959		35.29056		35.3		98.14773		48.52008		48.51		52.96864
636		3.789242		3.78675		40.91332		12.05636		11.79705		55.12628		22.04375		21.99995		76.90395		53.95523		54		11.79705		40.80309		41		22.19033		98.13617		98.11181		54.988		52.91854		52.69636		71.85508		35.31903		35.3		98.55681		48.51406		48.51		52.90834
648		3.786901		3.78675		40.23091		11.93439		11.86992		55.29762		22.06856		22.11421		77.16475		53.97358		54		11.86992		40.7827		41		22.12502		98.34762		98.47456		55.0356		52.94243		52.94388		61.08367		35.29622		35.3		98.23179		48.49571		48.51		52.72481
660		3.788006		3.78675		40.55296		11.98501		11.67971		54.99939		22.162		22.09317		77.2113		53.92605		54		11.67971		40.77833		41		22.10666		98.24609		98.23316		55.00062		52.83695		52.81765		62.19837		35.30881		35.3		98.4113		48.50337		48.51		52.80121
672		3.786422		3.78675		40.09148		11.82256		11.93088		55.38313		22.33418		22.24118		77.34875		53.9893		54		11.93088		40.85374		41		22.32041		98.39725		98.2788		54.98725		52.88328		52.85896		62.3063		35.29606		35.3		98.22924		48.5034		48.51		52.80157
684		3.78462		3.78675		39.56564		11.84983		11.77559		55.17187		22.18858		22.26178		77.62708		53.95055		54		11.77559		40.83427		41		22.25955		98.39501		98.01428		54.93381		52.82963		52.81641		61.78795		35.28661		35.3		98.09316		48.50675		48.51		52.83516
696		3.786616		3.78675		40.1473		11.91631		11.95598		55.38218		22.33648		22.31426		77.70716		53.99581		54		11.95598		40.88102		41		22.39155		98.26828		98.25549		54.97159		52.83125		52.82916		61.29144		35.29823		35.3		98.25493		48.52705		48.51		53.03789
708		3.787473		3.78675		40.39705		12.00072		12.04474		55.39284		22.47114		22.39335		77.81417		54.01818		54		12.04474		40.9054		41		22.45944		98.15764		98.27924		54.99525		52.84354		53.06096		50.88062		35.28776		35.3		98.10244		48.51416		48.51		52.90889
720		3.786311		3.78675		40.05802		11.90219		12.17784		55.59725		22.4225		22.50417		78.07962		54.0517		54		12.17784		40.86012		41		22.3256		98.33203		98.10285		54.93836		52.8763		52.9215		59.17772		35.31621		35.3		98.51138		48.50659		48.51		52.83303
732		3.786079		3.78675		39.99027		11.92657		12.15413		55.57035		22.49414		22.69715		78.29029		54.04579		54		12.15413		40.94298		41		22.56352		98.3111		98.2871		54.96947		52.76398		52.86984		56.27212		35.3079		35.3		98.39025		48.50965		48.51		52.8635
744		3.786953		3.78675		40.24526		11.80662		11.82057		55.30422		22.51351		22.54977		78.20926		53.96228		54		11.82057		40.91473		41		22.4799		98.26495		98.23596		54.96577		53.00001		52.93773		64.27969		35.29397		35.3		98.18909		48.51387		48.51		52.90569
756		3.784881		3.78675		39.64068		11.95576		11.66042		54.98334		22.55002		22.59611		78.35842		53.92219		54		11.66042		40.94853		41		22.57667		98.243		98.59629		55.03385		52.86437		52.65701		71.34553		35.2886		35.3		98.11081		48.50936		48.51		52.86025
768		3.788076		3.78675		40.57232		11.91738		12.18269		55.53904		22.57599		22.68738		78.50151		54.05345		54		12.18269		41.01432		41		22.76653		98.35316		98.52761		54.98427		52.85247		52.86305		60.90497		35.30958		35.3		98.40977		48.5047		48.51		52.81345
780		3.785592		3.78675		39.84786		11.97381		12.06014		55.38335		22.56696		22.89823		78.78039		54.02288		54		12.06014		40.97477		41		22.65138		98.19422		98.33223		54.97578		52.78984		52.8859		56.71889		35.28579		35.3		98.06757		48.48796		48.51		52.64594
792		3.784944		3.78675		39.65796		11.80197		12.2074		55.73375		22.63412		22.73746		78.67101		54.05989		54		12.2074		41.01562		41		22.76955		98.27872		97.98055		54.88611		52.78478		52.76994		61.90515		35.2913		35.3		98.14221		48.50998		48.51		52.86571
804		3.784969		3.78675		39.66478		12.25573		11.939		55.1029		22.7769		22.7848		78.69539		53.99226		54		11.939		41.02911		41		22.80887		98.01959		98.19353		54.98118		52.89201		52.84056		63.8706		35.29874		35.3		98.24842		48.50846		48.51		52.85014
816		3.787069		3.78675		40.2769		12.12925		12.05892		55.38467		22.71727		22.80711		78.81512		54.02207		54		12.05892		40.99261		41		22.7034		98.0634		98.16126		54.99167		52.73085		52.86899		54.68136		35.31475		35.3		98.47887		48.5268		48.51		53.03331
828		3.787913		3.78675		40.52295		12.02556		11.71078		55.15357		22.82633		22.77969		78.7829		53.93457		54		11.71078		40.99975		41		22.7246		98.16611		98.18751		54.98551		52.82428		52.91705		56.78239		35.28697		35.3		98.07724		48.49925		48.51		52.75752
840		3.786369		3.78675		40.07294		12.04227		11.87653		55.28146		22.8432		22.74271		78.7657		53.97606		54		11.87653		41.03586		41		22.82998		98.28561		98.27263		55.0031		52.93975		52.89904		63.10085		35.3144		35.3		98.47472		48.5126		48.51		52.89106
852		3.787568		3.78675		40.42242		12.06459		11.83035		55.14557		22.79223		22.74595		78.8502		53.96455		54		11.83035		41.02682		41		22.80467		98.21786		98.26672		55.02648		52.81608		52.77774		62.95013		35.30096		35.3		98.28491		48.498		48.51		52.74504
864		3.789384		3.78675		40.95264		11.9415		11.76615		55.17548		22.80222		22.97769		79.08964		53.94838		54		11.76615		41.08058		41		22.96152		98.43997		98.23553		54.98698		52.86297		52.77637		65.30467		35.3051		35.3		98.34408		48.50994		48.51		52.86444
876		3.78792		3.78675		40.52586		11.98832		11.92844		55.32238		22.90881		23.00931		79.05354		53.98916		54		11.92844		41.04083		41		22.8474		98.26891		98.36241		55.03332		52.89496		52.99111		56.4552		35.32136		35.3		98.5805		48.50205		48.51		52.78571
888		3.789196		3.78675		40.89862		11.78364		11.93226		55.48554		22.83144		22.80896		78.97495		53.99019		54		11.93226		41.02925		41		22.81511		98.3478		98.41386		55.03819		52.94342		52.82383		66.93045		35.31386		35.3		98.47504		48.51533		48.51		52.91848
900		3.788018		3.78675		40.55443		11.94311		11.96064		55.3982		22.85221		22.87764		79.06591		53.99726		54		11.96064		41.05532		41		22.89217		98.30217		98.46011		55.03247		52.69087		52.94958		48.75902		35.3168		35.3		98.5139		48.48985		48.51		52.66347
912		3.788339		3.78675		40.6481		12.16454		11.84146		55.0886		22.88682		22.75939		78.98203		53.96725		54		11.84146		41.03653		41		22.83939		98.07656		98.17597		55.02854		52.86005		53.13549		47.86122		35.30519		35.3		98.34688		48.50026		48.51		52.76755
924		3.785186		3.78675		39.72882		12.17634		12.07928		55.31932		22.83459		22.90719		79.18964		54.02697		54		12.07928		41.03995		41		22.85084		98.11196		98.30047		55.05668		52.92805		52.96935		59.2427		35.30609		35.3		98.36395		48.5138		48.51		52.90295
936		3.785376		3.78675		39.78435		11.95029		12.09588		55.58156		22.90878		22.88882		79.1648		54.03107		54		12.09588		41.10687		41		23.04677		98.34682		98.31824		55.01545		52.81816		52.70155		66.9342		35.30633		35.3		98.36688		48.49718		48.51		52.73655
948		3.788663		3.78675		40.74336		11.91693		11.95924		55.47367		22.90588		23.01121		79.31108		53.99668		54		11.95924		41.06023		41		22.91367		98.33734		98.23598		55.01315		52.86295		52.80107		64.23012		35.32145		35.3		98.58535		48.52673		48.51		53.03192
960		3.786565		3.78675		40.13202		12.01007		11.77168		55.1648		22.92816		22.95011		79.25923		53.94975		54		11.77168		41.07324		41		22.95345		98.31714		98.42411		55.05011		52.89892		52.92257		60.26398		35.29633		35.3		98.22613		48.50852		48.51		52.84985
972		3.786756		3.78675		40.18764		11.86849		11.9375		55.44197		22.99772		22.92132		79.19734		53.99153		54		11.9375		41.08943		41		23.00251		98.23452		98.32945		55.04347		52.89999		52.86752		62.78417		35.29521		35.3		98.21081		48.50923		48.51		52.85689
984		3.787506		3.78675		40.40658		11.95962		11.96954		55.40155		22.86615		23.05856		79.43843		53.99951		54		11.96954		41.06415		41		22.93134		98.2998		98.3741		55.0442		52.90053		52.90751		60.92931		35.30367		35.3		98.33276		48.52421		48.51		53.0068
996		3.786369		3.78675		40.07464		12.01269		12.22659		55.63278		22.96856		22.94441		79.28525		54.06385		54		12.22659		41.04574		41		22.88022		98.28672		98.22131		55.02287		52.8474		52.89628		59.01757		35.29591		35.3		98.22055		48.49093		48.51		52.67407
1008		3.784571		3.78675		39.55027		11.81125		12.31481		55.89804		22.9153		23.09486		79.48894		54.08598		54		12.31481		41.08712		41		23.00238		98.37834		98.02482		54.98125		52.84689		52.92581		57.29972		35.29798		35.3		98.25235		48.49684		48.51		52.73323
1020		3.788164		3.78675		40.5981		11.89549		11.76219		55.21125		23.02597		22.97322		79.32197		53.9474		54		11.76219		41.10573		41		23.05867		98.37638		98.17696		54.99152		52.76663		52.81429		58.82924		35.29796		35.3		98.25053		48.50903		48.51		52.8551
1032		3.786063		3.78675		39.98552		11.83505		12.0331		55.55082		22.95021		22.99832		79.42694		54.01544		54		12.0331		41.04637		41		22.88916		98.4353		98.2675		55.00859		52.90245		52.69716		70.96274		35.30279		35.3		98.324		48.52453		48.51		53.01021
1044		3.786944		3.78675		40.24244		11.97674		11.87461		55.20712		22.92845		22.91329		79.40629		53.97577		54		11.87461		41.0862		41		23.00711		98.27123		98.09949		54.99597		52.83975		52.68066		68.90793		35.29559		35.3		98.21854		48.50835		48.51		52.84829
1056		3.785838		3.78675		39.91954		11.77123		11.83018		55.42299		23.03059		23.07875		79.46695		53.96461		54		11.83018		41.10609		41		23.06735		98.48026		98.15711		54.96372		52.851		52.71163		67.88135		35.321		35.3		98.5849		48.51445		48.51		52.90891
1068		3.786656		3.78675		40.15804		11.87899		12.07844		55.56697		23.04719		23.02716		79.4238		54.02686		54		12.07844		41.06902		41		22.96262		98.40223		98.19795		54.96969		52.80989		52.88822		57.45225		35.289		35.3		98.12005		48.50853		48.51		52.8495
1080		3.786045		3.78675		39.97981		11.944		12.10627		55.56524		23.02457		23.1612		79.55697		54.03386		54		12.10627		41.08668		41		23.01626		98.32809		98.09394		54.93933		52.88875		52.80532		65.26279		35.31654		35.3		98.5121		48.53453		48.51		53.10959
1092		3.786064		3.78675		39.98503		11.93787		12.00892		55.46341		23.12986		23.18185		79.49418		54.00937		54		12.00892		41.09462		41		23.04177		98.25805		98.21887		54.97077		52.82356		52.82985		60.91786		35.31497		35.3		98.487		48.52056		48.51		52.96965
1104		3.786646		3.78675		40.15504		11.88679		11.79925		55.26608		22.91294		23.14055		79.67033		53.95685		54		11.79925		41.05914		41		22.94156		98.26645		98.17017		54.97489		52.82328		52.71625		66.32649		35.28199		35.3		98.01364		48.52261		48.51		52.99013
1116		3.789553		3.78675		41.00308		11.93592		12.13581		55.50383		23.01123		23.09603		79.56327		54.04132		54		12.13581		41.10362		41		23.07312		98.25745		98.42044		55.03176		52.90543		52.85923		63.40043		35.30192		35.3		98.30154		48.51035		48.51		52.86737
1128		3.78845		3.78675		40.68149		12.1037		12.39093		55.61864		22.992		22.99757		79.49439		54.10533		54		12.39093		41.07134		41		22.98218		98.27211		98.27121		55.00977		52.80009		53.00126		51.57438		35.30585		35.3		98.36006		48.5066		48.51		52.82987
1140		3.78794		3.78675		40.53267		12.03011		12.00518		55.32555		23.01902		23.10723		79.5894		54.00846		54		12.00518		41.07959		41		23.0088		98.15895		98.19841		55.00692		52.91625		53.06241		54.35776		35.29777		35.3		98.24109		48.4832		48.51		52.59572
1152		3.788222		3.78675		40.61549		11.99635		12.13589		55.4808		23.02181		23.16773		79.65413		54.04126		54		12.13589		41.10531		41		23.08595		98.30898		98.37007		55.01521		52.77057		52.68284		65.64584		35.30152		35.3		98.29631		48.51718		48.51		52.93547
1164		3.78617		3.78675		40.01733		12.00032		11.8136		55.20505		23.05215		23.10295		79.57179		53.96035		54		11.8136		41.07594		41		23.00347		98.25082		98.14727		54.98065		52.87125		52.94409		58.08536		35.28181		35.3		98.01112		48.49793		48.51		52.74269
1176		3.784418		3.78675		39.50639		11.93185		11.76465		55.27743		22.97695		23.02365		79.58955		53.94788		54		11.76465		41.08369		41		23.02862		98.34153		98.33309		55.00335		52.8258		52.71508		66.72478		35.28422		35.3		98.04601		48.50223		48.51		52.78567
1188		3.787933		3.78675		40.53145		12.10253		11.76999		55.08241		23.00635		22.92643		79.43623		53.94918		54		11.76999		41.07807		41		23.01482		98.18765		98.09524		54.98242		52.93872		52.89119		63.68771		35.293		35.3		98.17047		48.49603		48.51		52.72358
1200		3.789083		3.78675		40.86704		12.0128		12.04748		55.45882		23.01798		23.0372		79.5524		54.01883		54		12.04748		41.08632		41		23.04141		98.20119		98.35516		55.03124		52.93364		52.80613		67.42859		35.31		35.3		98.41633		48.50709		48.51		52.83408
1212		3.787104		3.78675		40.29019		11.88458		12.02093		55.48327		23.06689		23.04501		79.52635		54.01237		54		12.02093		41.07765		41		23.01893		98.35893		97.98063		54.93651		52.77148		52.83519		58.34041		35.28714		35.3		98.0871		48.50659		48.51		52.82899
1224		3.785046		3.78675		39.68925		11.97511		12.06364		55.4783		23.06372		23.21379		79.69676		54.02307		54		12.06364		41.09144		41		23.06163		98.27206		98.11427		54.9579		52.84061		52.91265		57.89538		35.2879		35.3		98.09462		48.51701		48.51		52.93307
1236		3.784901		3.78675		39.64665		11.79595		11.8674		55.55679		23.02742		22.98795		79.56452		53.97343		54		11.8674		41.16085		41		23.2658		98.36849		98.17462		54.95659		52.88837		52.79985		65.56192		35.30482		35.3		98.33476		48.49645		48.51		52.7273
1248		3.786603		3.78675		40.14232		12.09675		11.90295		55.31718		23.0686		23.2109		79.79426		53.98231		54		11.90295		41.08909		41		23.06085		98.20439		97.9457		54.9275		52.78489		52.63679		68.35672		35.29994		35.3		98.26061		48.51132		48.51		52.87558
1260		3.78518		3.78675		39.72716		11.69934		11.85831		55.59155		23.07713		23.15642		79.74204		53.97099		54		11.85831		41.1704		41		23.29933		98.51287		98.18065		54.94996		52.82064		52.98231		53.64411		35.30372		35.3		98.31848		48.51053		48.51		52.8677
1272		3.786259		3.78675		40.04154		11.92786		12.09937		55.58448		23.14372		23.01962		79.5594		54.03145		54		12.09937		41.13685		41		23.20492		98.28707		97.96491		54.93529		52.86609		52.69938		69.38635		35.30755		35.3		98.3694		48.5021		48.51		52.78307
1284		3.786098		3.78675		39.99453		11.91579		11.8887		55.33444		23.07156		23.1719		79.75009		53.97856		54		11.8887		41.04861		41		22.95183		98.33225		97.90445		54.92439		52.89196		52.74343		68.50544		35.31		35.3		98.40527		48.47676		48.51		52.5294
1296		3.785764		3.78675		39.89724		12.07084		11.63205		54.94216		23.1029		22.84352		79.41884		53.91426		54		11.63205		41.13514		41		23.2053		98.08733		98.10687		54.99631		52.76167		52.82193		58.34806		35.29001		35.3		98.11887		48.51147		48.51		52.87634
1308		3.786687		3.78675		40.16634		11.91371		11.8835		55.33703		22.98217		23.00674		79.67024		53.9774		54		11.8835		41.07529		41		23.03457		98.30962		98.2768		54.98363		52.74059		52.80192		58.21398		35.29991		35.3		98.26026		48.52474		48.51		53.00899
1320		3.788012		3.78675		40.55284		12.07482		12.26828		55.62881		23.16664		23.16035		79.63198		54.07389		54		12.26828		41.09838		41		23.10395		98.24272		98.48006		55.02471		52.88462		52.94478		58.59254		35.31733		35.3		98.51086		48.52319		48.51		52.99344
1332		3.786866		3.78675		40.2187		11.80595		11.99059		55.57187		23.04891		23.15653		79.73211		54.00429		54		11.99059		41.10135		41		23.11505		98.29276		98.13425		54.96781		52.82283		52.99074		53.49598		35.30778		35.3		98.37466		48.51266		48.51		52.88814
1344		3.785427		3.78675		39.79892		11.97636		11.96495		55.43075		23.05229		23.0602		79.64625		53.99786		54		11.96495		41.10458		41		23.12706		98.2468		97.86146		54.9009		52.86572		53.01213		54.46972		35.2978		35.3		98.22597		48.52197		48.51		52.98118
1356		3.784533		3.78675		39.53797		12.024		11.98004		55.41628		23.11864		22.94292		79.47414		54.00145		54		11.98004		41.088		41		23.08157		98.27017		98.05845		54.91975		52.84664		52.74325		66.53587		35.28988		35.3		98.10648		48.49678		48.51		52.72908
1368		3.788545		3.78675		40.70779		11.93233		12.05068		55.56513		23.08086		23.10485		79.6363		54.01915		54		12.05068		41.14362		41		23.24523		98.32279		98.43806		54.98463		52.78084		52.85848		57.76863		35.2876		35.3		98.07299		48.51122		48.51		52.87317
1380		3.787755		3.78675		40.47729		11.88465		11.8621		55.39594		23.0089		22.90937		79.48565		53.97182		54		11.8621		41.10919		41		23.14769		98.30365		98.14433		54.94245		52.83667		52.86074		60.31931		35.29152		35.3		98.12834		48.51118		48.51		52.8724
1392		3.785636		3.78675		39.8596		11.9364		11.88305		55.395		23.11916		23.20463		79.68513		53.97691		54		11.88305		41.04519		41		22.9646		98.31829		98.24508		54.96827		52.85088		52.74869		66.54594		35.30465		35.3		98.31793		48.51694		48.51		52.92992
1404		3.787761		3.78675		40.47938		12.10472		12.09644		55.45986		23.07893		23.05203		79.58144		54.03056		54		12.09644		41.08787		41		23.09069		98.15722		98.18313		54.97181		52.89222		52.79951		66.18038		35.29558		35.3		98.18623		48.51766		48.51		52.93688
1416		3.785001		3.78675		39.67458		11.91596		11.76288		55.30647		23.09363		22.99969		79.53085		53.94685		54		11.76288		41.02779		41		22.91886		98.23463		98.04374		54.93346		52.77413		52.89463		55.98495		35.30103		35.3		98.26486		48.48937		48.51		52.65392
1428		3.787884		3.78675		40.51488		12.06574		11.89385		55.24654		23.10909		23.06929		79.5602		53.97978		54		11.89385		41.10659		41		23.14943		98.12231		98.40244		54.99543		52.87213		52.96973		56.94405		35.30409		35.3		98.30437		48.50801		48.51		52.84016
1440		3.786956		3.78675		40.2441		11.93589		11.94627		55.43064		22.98532		23.02664		79.6065		53.99297		54		11.94627		41.07065		41		23.04734		98.21868		98.26125		54.96262		52.7541		52.91751		53.5749		35.3035		35.3		98.29684		48.52667		48.51		53.02667
1452		3.785205		3.78675		39.73412		11.80372		12.13089		55.75572		23.1413		22.97574		79.42226		54.0393		54		12.13089		41.06119		41		23.0221		98.39512		98.30118		54.95814		52.76513		52.72727		63.21821		35.30785		35.3		98.36235		48.48357		48.51		52.5957
1464		3.787187		3.78675		40.31181		12.0227		11.91869		55.29682		22.92574		23.15242		79.76648		53.98612		54		11.91869		41.09133		41		23.11157		98.26031		98.32405		54.97469		52.87426		52.89835		60.07164		35.32367		35.3		98.58855		48.5296		48.51		53.0558
1476		3.786945		3.78675		40.24158		12.13884		12.03484		55.36671		23.00432		23.03371		79.58079		54.01496		54		12.03484		41.05038		41		22.9948		98.23035		98.29796		55.00141		52.89319		52.97051		57.74907		35.30976		35.3		98.39066		48.516		48.51		52.91981
1488		3.788726		3.78675		40.76119		12.03042		12.15243		55.63791		23.0514		23.15917		79.669		54.0442		54		12.15243		41.06502		41		23.03928		98.19393		98.35041		55.02811		52.75499		52.931		52.97948		35.32879		35.3		98.66582		48.51411		48.51		52.90064
1500		3.786491		3.78675		40.10959		11.91897		12.07903		55.63858		23.05956		23.05635		79.51933		54.02559		54		12.07903		41.0732		41		23.06464		98.37884		98.3076		55.01985		52.94302		53.0282		57.19967		35.30485		35.3		98.32499		48.51666		48.51		52.92617
1512		3.786863		3.78675		40.21841		12.01117		12.12008		55.58524		22.99108		23.00446		79.51373		54.03569		54		12.12008		41.05997		41		23.02792		98.29921		98.04931		54.99757		52.89175		52.87572		62.25161		35.2914		35.3		98.13169		48.52029		48.51		52.96259
1524		3.78744		3.78675		40.38627		12.07877		12.05336		55.53582		23.08284		22.89744		79.327		54.0185		54		12.05336		41.10528		41		23.16093		98.24492		98.20238		55.04845		52.90823		52.93858		60.12305		35.31218		35.3		98.43225		48.52648		48.51		53.02458
1536		3.788059		3.78675		40.56696		12.03501		12.317		55.81142		23.05258		23.17498		79.5825		54.08455		54		12.317		41.08744		41		23.11078		98.23067		98.36147		55.0847		52.77979		52.80542		60.22967		35.27898		35.3		97.95604		48.51659		48.51		52.92545
1548		3.787601		3.78675		40.43348		12.13893		12.42976		55.84419		22.99782		22.98108		79.47808		54.11255		54		12.42976		40.98991		41		22.82977		98.18706		98.25521		55.07972		52.90777		52.88299		62.66778		35.29303		35.3		98.15916		48.49482		48.51		52.70781
1560		3.787135		3.78675		40.29792		12.00374		12.04032		55.4523		22.96477		23.0915		79.60715		54.01482		54		12.04032		41.07983		41		23.09201		98.35606		98.35855		55.08211		52.91242		52.85388		64.20754		35.29197		35.3		98.14762		48.51618		48.51		52.92146
1572		3.786365		3.78675		40.07296		12.02807		11.79039		55.15868		22.98499		22.99613		79.51379		53.95204		54		11.79039		41.05495		41		23.02151		98.18203		98.10707		55.053		52.82407		52.8026		62.42337		35.28166		35.3		97.9981		48.5018		48.51		52.77737
1584		3.786053		3.78675		39.98133		12.12244		11.89421		55.28231		23.00023		23.12865		79.60156		53.97778		54		11.89421		41.00477		41		22.87747		98.23539		98.30277		55.05582		52.82222		52.94305		55.68764		35.29937		35.3		98.24981		48.51804		48.51		52.93945
1596		3.785944		3.78675		39.94899		11.96429		12.06003		55.73266		22.94583		23.03811		79.59062		54.01891		54		12.06003		41.0632		41		23.04843		98.24534		98.18377		55.03473		52.8115		52.97528		53.51036		35.29598		35.3		98.1993		48.50681		48.51		52.82694
1608		3.786181		3.78675		40.01804		11.99607		11.8613		55.42931		23.03327		23.0907		79.54021		53.9689		54		11.8613		41.02362		41		22.93513		98.30392		98.25164		55.04747		52.86538		52.89366		60.02116		35.28247		35.3		98.00562		48.4939		48.51		52.6977
1620		3.785581		3.78675		39.84292		12.22056		12.48992		55.79998		22.98433		22.88983		79.39622		54.12658		54		12.48992		41.03397		41		22.96644		98.04848		98.40467		55.12198		52.83987		52.83686		61.54283		35.293		35.3		98.15806		48.50257		48.51		52.78418
1632		3.786498		3.78675		40.11021		12.02312		11.54603		55.0316		23.00657		22.89657		79.35521		53.88947		54		11.54603		41.04231		41		22.99194		98.32989		98.33416		55.05876		52.84355		53.031		52.37949		35.29423		35.3		98.17383		48.50162		48.51		52.77454
1644		3.785969		3.78675		39.95605		12.07952		12.22189		55.69739		23.01735		22.91149		79.3168		54.05874		54		12.22189		41.01926		41		22.92609		98.28521		98.26506		55.07364		52.86035		52.87087		60.72831		35.29291		35.3		98.15757		48.518		48.51		52.93832
1656		3.785976		3.78675		39.95824		12.00771		12.35397		55.89805		22.99303		22.92227		79.35824		54.0918		54		12.35397		41.07421		41		23.08658		98.24389		98.3606		55.10772		52.87459		52.82323		63.62831		35.3144		35.3		98.47182		48.49533		48.51		52.71158
1668		3.787289		3.78675		40.34173		12.06805		12.05265		55.51705		23.06344		22.83359		79.19312		54.01601		54		12.05265		41.05967		41		23.04556		98.21649		98.25946		55.10885		53.00423		52.9146		65.58366		35.30815		35.3		98.38463		48.50764		48.51		52.83474
1680		3.78649		3.78675		40.10894		11.91525		12.112		55.70134		23.00326		23.05865		79.45349		54.03065		54		12.112		41.00975		41		22.90202		98.32772		98.46615		55.13298		52.9453		53.02201		57.75137		35.31753		35.3		98.52103		48.51952		48.51		52.95375
1692		3.787289		3.78675		40.34166		11.86496		12.30576		55.9765		23.03989		22.92449		79.31694		54.07906		54		12.30576		41.03083		41		22.96424		98.35438		98.0552		55.05928		52.87323		52.98511		56.23471		35.302		35.3		98.29903		48.50673		48.51		52.82589
1704		3.78553		3.78675		39.82838		11.88952		12.18458		55.79007		22.99517		22.91875		79.34045		54.04853		54		12.18458		41.03658		41		22.982		98.36734		98.02264		55.04495		52.86555		52.84369		62.60796		35.2943		35.3		98.18752		48.52906		48.51		53.04917
1716		3.785598		3.78675		39.84793		12.23856		12.08706		55.33537		22.99489		23.01343		79.4573		54.02406		54		12.08706		41.01748		41		22.92796		98.2087		98.24226		55.08057		52.84094		52.87493		59.94174		35.29919		35.3		98.2545		48.4961		48.51		52.71934
1728		3.786917		3.78675		40.23208		12.01974		12.01563		55.44848		23.06812		22.9631		79.35703		54.00611		54		12.01563		41.02235		41		22.94329		98.21747		97.92758		55.00034		52.79374		52.68444		66.54981		35.3059		35.3		98.3475		48.50938		48.51		52.85205
1740		3.786888		3.78675		40.22391		11.93842		12.44733		56.01387		23.03243		23.1421		79.54077		54.11425		54		12.44733		41.08885		41		23.1372		98.33927		98.30306		55.04577		52.8826		52.7146		69.42055		35.31231		35.3		98.44069		48.51543		48.51		52.91247
1752		3.78777		3.78675		40.48102		12.0571		12.11627		55.60427		23.026		23.05596		79.501		54.03101		54		12.11627		41.01213		41		22.91622		98.22111		98.3091		55.06313		52.79298		52.76746		62.55917		35.29938		35.3		98.25475		48.51002		48.51		52.85824
1764		3.788542		3.78675		40.70647		11.96056		12.1326		55.69474		22.92886		22.90883		79.40478		54.03509		54		12.1326		41.03104		41		22.97199		98.23521		98.22191		55.03963		52.82057		52.80647		61.99084		35.31386		35.3		98.46217		48.5151		48.51		52.90909
1776		3.788644		3.78675		40.73644		11.87067		11.9548		55.59222		22.96795		23.09128		79.56877		53.99037		54		11.9548		41.05105		41		23.03127		98.28028		98.02572		55.00439		52.87439		52.90231		59.8202		35.30947		35.3		98.39985		48.50908		48.51		52.84908
1788		3.789462		3.78675		40.97492		12.09558		12.06701		55.40921		22.94299		22.86372		79.38821		54.01861		54		12.06701		41.10492		41		23.18845		98.19684		98.44842		55.07727		52.85513		52.85575		61.27217		35.31713		35.3		98.50876		48.5199		48.51		52.95714
1800		3.787519		3.78675		40.40841		11.90187		12.0727		55.58756		22.99649		22.83659		79.29712		54.02005		54		12.0727		41.03041		41		22.97358		98.29598		98.42701		55.05573		52.91082		52.81934		65.92099		35.3075		35.3		98.36947		48.50514		48.51		52.80962
1812		3.786111		3.78675		39.9976		12.08724		12.22293		55.58783		22.91321		23.14746		79.67012		54.05771		54		12.22293		41.0087		41		22.91181		98.22633		98.27656		55.03079		52.78592		52.77664		61.90793		35.30241		35.3		98.29446		48.50101		48.51		52.76809
1824		3.787533		3.78675		40.4129		12.16653		11.85907		55.15391		23.08412		23.10641		79.48502		53.96638		54		11.85907		41.03027		41		22.97545		98.1118		98.47446		55.08677		52.90279		52.83852		64.37576		35.29186		35.3		98.14338		48.50745		48.51		52.83267
1836		3.786065		3.78675		39.98475		12.02054		11.84848		55.29698		22.99653		22.73531		79.21473		53.96381		54		11.84848		41.06398		41		23.07413		98.30289		98.27567		55.02172		52.83401		52.96111		55.05065		35.29143		35.3		98.13967		48.51169		48.51		52.87532
1848		3.784622		3.78675		39.56419		11.95463		11.90299		55.3373		23.04615		22.97553		79.37284		53.97762		54		11.90299		41.00198		41		22.89553		98.31007		98.24669		55.00562		52.83158		52.85467		60.02591		35.29004		35.3		98.11764		48.49952		48.51		52.75363
1860		3.787114		3.78675		40.29096		12.03205		12.05324		55.42547		22.93404		23.13644		79.66658		54.01527		54		12.05324		41.05991		41		23.06486		98.28936		98.17662		54.99512		52.91645		52.84217		64.83107		35.28142		35.3		97.99165		48.52604		48.51		53.01897
1872		3.786683		3.78675		40.16522		11.98287		11.87391		55.29481		23.06426		23.06598		79.49953		53.97015		54		11.87391		40.93484		41		22.70366		98.28383		98.29511		55.00742		52.89323		52.78273		66.70302		35.28839		35.3		98.08794		48.51976		48.51		52.95594
1884		3.788753		3.78675		40.76859		11.95682		12.28005		55.76764		23.04276		23.05418		79.51018		54.072		54		12.28005		41.08641		41		23.1442		98.35491		98.05071		54.94713		52.91531		52.91427		61.57008		35.31247		35.3		98.43314		48.52269		48.51		52.98527
1896		3.788974		3.78675		40.83319		12.00312		12.21146		55.72539		23.06051		22.90773		79.36835		54.05461		54		12.21146		41.05626		41		23.05813		98.221		98.02842		54.97805		52.87361		53.0117		54.86215		35.2838		35.3		98.02276		48.49649		48.51		52.72347
1908		3.786016		3.78675		39.97088		11.95399		12.04603		55.56972		23.05726		23.13679		79.55747		54.01308		54		12.04603		41.04921		41		23.03888		98.27144		98.35152		55.03543		52.99293		52.90313		65.744		35.30355		35.3		98.30865		48.51163		48.51		52.87512
1920		3.785983		3.78675		39.9615		11.89187		11.96477		55.47031		23.03837		22.95741		79.39023		53.99275		54		11.96477		41.06159		41		23.07605		98.32941		98.19211		55.0037		52.86136		52.68683		69.83977		35.29227		35.3		98.14697		48.50239		48.51		52.78284
1932		3.786552		3.78675		40.12741		11.86975		11.81699		55.30609		22.99087		22.93169		79.4008		53.95588		54		11.81699		41.04339		41		23.02448		98.3955		98.20822		54.98906		52.89257		52.72512		69.57601		35.30538		35.3		98.33771		48.5088		48.51		52.84714
1944		3.78764		3.78675		40.44454		12.00134		12.1188		55.52041		23.03307		22.94257		79.40038		54.03166		54		12.1188		41.02516		41		22.97299		98.24273		98.4635		55.03872		52.89567		52.81961		65.36139		35.31304		35.3		98.44562		48.51543		48.51		52.91349
1956		3.787577		3.78675		40.42608		11.97343		11.59115		55.08701		22.99323		23.07657		79.59939		53.89913		54		11.59115		41.01396		41		22.94182		98.17588		98.16899		54.99492		52.6811		52.78173		56.70562		35.30903		35.3		98.38663		48.4881		48.51		52.64001
1968		3.785968		3.78675		39.95663		12.02162		11.84644		55.22438		23.02272		23.14316		79.67013		53.96334		54		11.84644		41.03056		41		22.99144		98.23133		98.32899		55.02393		52.84078		52.78869		63.79308		35.2965		35.3		98.208		48.50693		48.51		52.82832
1980		3.78717		3.78675		40.30743		11.98661		12.32841		55.756		22.98941		23.12238		79.64671		54.08434		54		12.32841		41.03132		41		22.9948		98.15667		98.33128		55.03826		52.84462		52.79881		63.6945		35.29467		35.3		98.18289		48.51596		48.51		52.91842
1992		3.786382		3.78675		40.07742		12.0405		11.71983		55.19119		23.08342		23.0375		79.4759		53.9314		54		11.71983		41.06189		41		23.08478		98.36791		98.26332		54.99243		52.8436		52.97595		55.07767		35.29785		35.3		98.22748		48.52624		48.51		53.02117
2004		3.78718		3.78675		40.3102		11.76308		11.91073		55.58207		23.06128		22.9767		79.44591		53.9795		54		11.91073		41.03511		41		23.00826		98.44875		98.31025		54.99849		52.80492		52.98382		52.92107		35.30689		35.3		98.36122		48.5209		48.51		52.96774
2016		3.787973		3.78675		40.542		12.09477		11.7584		55.07898		23.01275		23.08161		79.58622		53.94126		54		11.7584		41.03346		41		23.00481		98.26263		98.48767		55.07134		52.80297		52.9257		55.69483		35.30841		35.3		98.3846		48.51332		48.51		52.89202
2028		3.786609		3.78675		40.14418		11.96306		12.20668		55.63821		23.08307		23.03358		79.49009		54.05383		54		12.20668		41.00761		41		22.93128		98.2642		98.09203		54.98638		52.8597		52.89247		60.01428		35.29604		35.3		98.20298		48.51064		48.51		52.86512
2040		3.785745		3.78675		39.89214		11.96777		11.86199		55.30761		23.00229		23.04081		79.56424		53.96745		54		11.86199		41.02264		41		22.97596		98.25875		98.18176		54.97068		52.87813		52.66526		71.84896		35.28603		35.3		98.05396		48.49503		48.51		52.70896
2052		3.788293		3.78675		40.63511		11.91725		12.39873		55.89379		23.05504		23.03512		79.53381		54.10222		54		12.39873		41.04049		41		23.02899		98.19773		98.59538		55.04723		52.8308		52.95655		55.72992		35.32		35.3		98.54293		48.50065		48.51		52.76481
2064		3.78468		3.78675		39.58099		11.94231		12.22044		55.71138		22.9988		23.14855		79.70963		54.05752		54		12.22044		41.08314		41		23.15402		98.33765		98.03433		54.90825		52.88542		52.82194		64.93797		35.29629		35.3		98.1967		48.50977		48.51		52.85597
2076		3.786629		3.78675		40.1488		11.90746		11.78614		55.27179		23.09454		23.04032		79.51775		53.94847		54		11.78614		41.08391		41		23.15766		98.31262		98.16691		54.92474		52.87755		52.68997		70.89032		35.29687		35.3		98.1991		48.51417		48.51		52.89978
2088		3.786983		3.78675		40.25194		11.81227		12.1187		55.71769		23.00102		23.00888		79.57557		54.03196		54		12.1187		41.04392		41		23.04309		98.3962		98.33485		54.92768		52.76826		52.9144		54.79579		35.29809		35.3		98.21301		48.51533		48.51		52.91119
2100		3.786894		3.78675		40.22583		11.95637		12.08507		55.5093		23.1061		22.89935		79.35843		54.02356		54		12.08507		41.0661		41		23.10856		98.24475		98.38278		54.96331		52.83129		52.96615		55.27332		35.29323		35.3		98.14081		48.51112		48.51		52.86902
2112		3.785763		3.78675		39.89576		12.05865		12.14481		55.51708		23.06425		23.18773		79.65087		54.03852		54		12.14481		41.04615		41		23.05186		98.09971		98.20168		54.96203		52.79565		52.71794		65.56084		35.28046		35.3		97.9566		48.51951		48.51		52.95276
2124		3.788193		3.78675		40.60486		11.86703		12.02866		55.56086		22.98775		22.98971		79.52125		54.0095		54		12.02866		41.10328		41		23.2185		98.3355		98.41341		54.96934		52.77854		52.75478		63.15326		35.30018		35.3		98.24292		48.50333		48.51		52.7906
2136		3.788324		3.78675		40.64294		11.87755		11.79304		55.3816		23.03194		23.03567		79.49747		53.95025		54		11.79304		41.02578		41		22.99493		98.24983		98.22023		54.95137		52.74583		52.64798		66.47099		35.32223		35.3		98.56005		48.52453		48.51		53.00255
2148		3.786116		3.78675		39.99896		11.91835		12.17259		55.74177		22.98437		23.07242		79.57869		54.04535		54		12.17259		41.01257		41		22.95763		98.2911		98.33914		54.97447		52.75143		52.89922		54.58247		35.2958		35.3		98.17807		48.48685		48.51		52.62567
2160		3.78562		3.78675		39.85385		11.96418		12.15636		55.75274		23.02988		23.03495		79.52832		54.04089		54		12.15636		41.02027		41		22.98097		98.19248		98.35339		55.0111		52.89344		52.89445		61.56806		35.28555		35.3		98.02906		48.50492		48.51		52.80637
2172		3.786015		3.78675		39.96859		12.14749		12.01031		55.35703		23.08596		22.95438		79.40055		54.00415		54		12.01031		41.04362		41		23.04963		98.20613		98.05804		54.96519		52.94915		53.00645		58.97647		35.31172		35.3		98.40462		48.50975		48.51		52.85486
2184		3.787585		3.78675		40.42667		11.95415		11.97252		55.51803		23.09917		23.05065		79.45716		53.99453		54		11.97252		41.05637		41		23.08754		98.30212		98.3749		54.99983		52.83358		52.92047		57.66978		35.30553		35.3		98.31274		48.50176		48.51		52.7749
2196		3.783734		3.78675		39.30345		11.95956		11.72093		55.22835		23.04991		23.05734		79.52493		53.93131		54		11.72093		41.0709		41		23.13062		98.23331		98.31606		55.01436		52.84203		53.04696		51.86686		35.30325		35.3		98.28103		48.53484		48.51		53.10568
2208		3.784621		3.78675		39.56252		12.00074		12.19773		55.66833		23.06969		22.99195		79.43265		54.05085		54		12.19773		41.02037		41		22.98515		98.22231		98.06738		54.99262		52.86381		52.96052		56.85723		35.30259		35.3		98.27476		48.51229		48.51		52.88027
2220		3.787771		3.78675		40.48108		12.10457		11.92141		55.34169		23.01166		23.04946		79.49622		53.98137		54		11.92141		41.00407		41		22.93857		98.18025		98.25111		55.029		52.86749		52.80752		64.3959		35.31771		35.3		98.49361		48.52922		48.51		53.04979
2232		3.786579		3.78675		40.13293		12.02955		12.30679		55.78599		23.10367		23.08136		79.44431		54.07795		54		12.30679		40.99885		41		22.92428		98.26407		98.43383		55.03892		52.83254		52.82879		61.77525		35.27865		35.3		97.92901		48.5125		48.51		52.88243
2244		3.786721		3.78675		40.17429		12.00379		12.10521		55.68346		22.93393		22.87649		79.46087		54.02696		54		12.10521		41.03898		41		23.04159		98.23693		98.18661		55.0149		52.89365		52.9836		57.41258		35.31346		35.3		98.43055		48.50259		48.51		52.78327
2256		3.786536		3.78675		40.12033		12.01924		12.20609		55.83076		23.0293		23.10945		79.60243		54.05199		54		12.20609		41.01251		41		22.96603		98.25823		98.54221		55.05596		52.74839		52.80668		59.0042		35.3043		35.3		98.29384		48.51645		48.51		52.92169
2268		3.787029		3.78675		40.26369		11.87806		12.10589		55.7941		23.03764		22.9217		79.43957		54.02667		54		12.10589		41.06211		41		23.11076		98.26523		98.22656		55.02229		52.91252		52.75886		69.12947		35.30461		35.3		98.30003		48.50064		48.51		52.7636
2280		3.786831		3.78675		40.20609		11.91785		12.19029		55.75148		22.97143		22.92942		79.45387		54.04789		54		12.19029		41.01503		41		22.97494		98.31655		98.01607		54.98322		52.93061		52.87031		64.61698		35.28683		35.3		98.04507		48.50538		48.51		52.81115
2292		3.786145		3.78675		40.00521		12.01685		11.77522		55.2545		22.95631		23.02333		79.53852		53.94359		54		11.77522		41.03512		41		23.03383		98.28701		97.96853		54.9694		52.79193		52.81139		60.93001		35.2625		35.3		97.6932		48.5078		48.51		52.83517
2304		3.786664		3.78675		40.15693		12.14124		12.03502		55.4005		22.90763		23.04018		79.59058		54.00872		54		12.03502		40.99355		41		22.914		98.17565		98.60492		55.09023		52.88583		52.99153		56.88012		35.29457		35.3		98.15586		48.50169		48.51		52.77403
2316		3.789068		3.78675		40.8583		11.83598		12.12968		55.73946		23.06347		22.88799		79.27483		54.03237		54		12.12968		41.01635		41		22.98068		98.34274		98.04268		54.98925		52.81549		52.8206		61.50785		35.30419		35.3		98.29814		48.51491		48.51		52.90636
2328		3.788929		3.78675		40.81773		11.93945		11.9362		55.49018		23.07534		22.99948		79.38576		53.98369		54		11.9362		41.03621		41		23.03895		98.29212		98.27247		55.02595		52.92092		52.69184		72.80619		35.30246		35.3		98.27399		48.51051		48.51		52.86248
2340		3.786416		3.78675		40.08443		11.93472		11.90869		55.42237		22.97078		23.07428		79.58443		53.97675		54		11.90869		41.02289		41		23.00114		98.26932		98.06453		54.98862		52.87335		52.80003		65.39681		35.30664		35.3		98.33244		48.50238		48.51		52.78111
2352		3.783515		3.78675		39.23889		12.03233		11.79924		55.20756		22.97541		22.93181		79.40247		53.94929		54		11.79924		41.10099		41		23.22795		98.27156		98.36667		55.05626		52.90136		52.83905		64.84937		35.27772		35.3		97.92134		48.52398		48.51		52.99723
2364		3.787229		3.78675		40.32217		11.81953		11.8845		55.41602		22.88627		23.10571		79.63142		53.9709		54		11.8845		40.99837		41		22.93113		98.36649		98.18245		54.99704		52.94954		52.91497		63.59082		35.28561		35.3		98.0358		48.54226		48.51		53.18014
2376		3.785316		3.78675		39.76414		12.03642		11.99237		55.34379		22.9954		23.06722		79.48195		53.99813		54		11.99237		41.04805		41		23.07562		98.23588		98.19937		55.01408		52.85085		52.76016		66.28204		35.30553		35.3		98.32556		48.51291		48.51		52.88696
2388		3.784888		3.78675		39.63854		12.01491		12.19979		55.60112		23.00067		23.00781		79.45171		54.05007		54		12.19979		40.99962		41		22.936		98.19987		98.43347		55.05687		52.75943		52.87296		56.43474		35.30386		35.3		98.30031		48.50548		48.51		52.81238
2400		3.785865		3.78675		39.9235		11.91337		11.95889		55.48082		23.06932		22.9498		79.33556		53.98961		54		11.95889		41.05906		41		23.10903		98.21686		98.16923		55.00545		52.84232		52.87601		60.23068		35.30355		35.3		98.29526		48.52021		48.51		52.95971
2412		3.787389		3.78675		40.36822		11.97303		11.75412		55.2507		22.99715		23.00843		79.46184		53.93813		54		11.75412		41.01041		41		22.96872		98.28437		98.45682		55.03576		52.86709		52.82189		64.15525		35.31139		35.3		98.40644		48.50266		48.51		52.78433
2424		3.784956		3.78675		39.65837		12.03511		11.52202		54.92317		22.99824		22.89454		79.35289		53.8799		54		11.52202		41.01396		41		22.97973		98.25709		98.44122		55.04129		52.91079		52.93376		60.86414		35.3032		35.3		98.28916		48.51037		48.51		52.8615
2436		3.78733		3.78675		40.35071		12.05109		12.04616		55.45082		23.11512		23.03557		79.39287		54.01139		54		12.04616		41.06526		41		23.12916		98.14667		98.31312		55.03925		52.93332		52.89477		63.78013		35.28997		35.3		98.09886		48.51046		48.51		52.86232
2448		3.78637		3.78675		40.07065		11.97425		12.01528		55.56		23.0071		22.99315		79.44519		54.00361		54		12.01528		41.01466		41		22.98326		98.27711		98.19569		54.99626		52.76171		52.95294		52.86542		35.30323		35.3		98.29105		48.51298		48.51		52.8874
2460		3.787329		3.78675		40.34996		12.00921		11.99028		55.45067		23.16321		23.06296		79.35618		53.99727		54		11.99028		41.01579		41		22.98707		98.2375		98.36965		55.03063		52.78179		52.99723		51.60306		35.30247		35.3		98.27814		48.5273		48.51		53.0308
2472		3.786794		3.78675		40.19384		12.01259		11.82623		55.23532		22.98704		22.85956		79.33087		53.95619		54		11.82623		41.01797		41		22.99392		98.1539		98.37805		55.03798		52.78486		52.82954		59.60511		35.28506		35.3		98.02742		48.51644		48.51		52.92237
2484		3.788345		3.78675		40.64615		11.88812		11.92132		55.42547		22.93718		22.78289		79.27785		53.97998		54		11.92132		40.97562		41		22.8716		98.29269		98.34745		55.01093		52.88667		52.99327		56.33188		35.30892		35.3		98.36981		48.5161		48.51		52.91899
2496		3.787971		3.78675		40.53691		12.05875		12.05123		55.3693		22.96298		23.05521		79.5319		54.01263		54		12.05123		40.98711		41		22.90536		98.21399		98.51393		55.05575		52.95729		52.87993		65.12204		35.31799		35.3		98.50146		48.51963		48.51		52.95438
2508		3.787152		3.78675		40.29828		11.97097		11.79675		55.2301		23.01667		23.11673		79.50019		53.94871		54		11.79675		41.03097		41		23.03281		98.2645		98.40772		55.04288		52.86636		52.96988		56.52153		35.3168		35.3		98.48713		48.52424		48.51		53.00056
2520		3.788161		3.78675		40.59246		11.97513		12.1466		55.63079		23.0295		22.82932		79.22044		54.03644		54		12.1466		41.00021		41		22.94396		98.31286		98.14625		54.99154		53.01462		52.84679		69.51554		35.30975		35.3		98.38693		48.51399		48.51		52.89853
2532		3.786671		3.78675		40.15808		11.97727		11.81951		55.32399		22.88243		22.99467		79.47801		53.95424		54		11.81951		41.00131		41		22.94747		98.23808		98.40379		55.0614		52.86218		52.83482		62.95786		35.31745		35.3		98.50061		48.5232		48.51		52.99077
2544		3.785044		3.78675		39.68354		11.92629		11.90161		55.47665		22.90321		22.99719		79.48547		53.97469		54		11.90161		40.98975		41		22.91439		98.21509		98.1949		55.03056		52.74205		52.92507		52.75282		35.30105		35.3		98.26469		48.50783		48.51		52.83708
2556		3.787052		3.78675		40.26918		12.02412		12.00675		55.44703		23.03653		22.9179		79.31066		54.001		54		12.00675		41.00357		41		22.95481		98.25495		98.30475		55.04539		52.90218		52.57138		77.27383		35.31319		35.3		98.43867		48.51213		48.51		52.8803
2568		3.786887		3.78675		40.22159		11.91868		11.87957		55.40944		23.00484		22.99977		79.39001		53.96916		54		11.87957		40.98729		41		22.90794		98.36607		98.12778		55.01194		52.84968		52.9513		56.68472		35.30847		35.3		98.37587		48.50456		48.51		52.8048
2580		3.78896		3.78675		40.82635		11.98895		12.15405		55.65193		23.01983		22.88253		79.28825		54.03802		54		12.15405		40.98653		41		22.90617		98.29001		98.38188		55.07902		52.92361		52.88585		63.2824		35.28554		35.3		98.05042		48.52302		48.51		52.98963
2592		3.788335		3.78675		40.64471		12.03863		11.90254		55.3001		23.02434		22.92889		79.31363		53.97497		54		11.90254		41.00589		41		22.96267		98.29964		98.33705		55.07589		52.91521		52.97594		58.65682		35.30749		35.3		98.36968		48.51177		48.51		52.87728
2604		3.787816		3.78675		40.49306		11.98151		11.82399		55.19527		22.98522		23.17277		79.59555		53.95549		54		11.82399		40.99801		41		22.94046		98.3083		98.2975		55.05919		52.93449		52.80509		67.85198		35.30998		35.3		98.40726		48.51028		48.51		52.8627
2616		3.787522		3.78675		40.40766		11.81534		12.23511		55.7972		23.10575		22.89804		79.23116		54.05886		54		12.23511		40.98073		41		22.89074		98.48424		98.51132		55.04788		52.78583		53.06933		48.06977		35.31115		35.3		98.4259		48.52118		48.51		52.97188
2628		3.785832		3.78675		39.91446		12.03027		11.76257		55.14816		22.947		23.08539		79.55931		53.94022		54		11.76257		40.98336		41		22.89891		98.24377		98.27662		55.05072		52.96253		52.9222		63.4781		35.29529		35.3		98.19866		48.5193		48.51		52.95326
2640		3.788141		3.78675		40.58762		12.01263		11.81055		55.19757		22.96626		23.14339		79.60485		53.95234		54		11.81055		41.02082		41		23.00799		98.20555		98.26251		55.04998		52.80072		52.90782		56.48083		35.29829		35.3		98.24198		48.50612		48.51		52.82148
2652		3.787132		3.78675		40.29275		11.96188		11.88066		55.45217		22.99037		23.28365		79.75076		53.96982		54		11.88066		41.01466		41		22.99102		98.25689		98.29569		55.01115		52.90145		52.80932		65.91794		35.28194		35.3		98.00167		48.50299		48.51		52.7902
2664		3.784441		3.78675		39.50746		11.93182		11.81269		55.37308		22.98048		23.07334		79.57499		53.9527		54		11.81269		41.0182		41		23.00195		98.27383		98.07883		54.98018		52.89254		52.80993		65.48784		35.28956		35.3		98.10945		48.50976		48.51		52.858
2676		3.787011		3.78675		40.25759		12.12312		11.67262		55.04569		23.06912		23.01773		79.44097		53.91773		54		11.67262		41.08127		41		23.18545		98.22967		98.34817		55.03952		52.90926		52.86342		63.72485		35.30777		35.3		98.37592		48.51614		48.51		52.92185
2688		3.787356		3.78675		40.35827		11.93614		12.00436		55.54152		22.9836		23.12764		79.58927		54.00125		54		12.00436		41.06279		41		23.13234		98.21973		98.10247		54.98959		52.83306		52.99758		53.58508		35.30075		35.3		98.27609		48.52458		48.51		53.00664
2700		3.784866		3.78675		39.63203		12.02582		12.03189		55.4333		23.05589		23.00573		79.40775		54.00835		54		12.03189		41.04723		41		23.08787		98.32971		98.38594		55.02159		52.96715		52.85062		67.10038		35.30765		35.3		98.37613		48.51524		48.51		52.9132
2712		3.787668		3.78675		40.44933		12.00634		11.95995		55.30261		22.95294		23.0615		79.52962		53.99041		54		11.95995		41.00872		41		22.97671		98.16812		98.5873		55.10013		52.76876		52.7401		62.78587		35.31262		35.3		98.45168		48.50411		48.51		52.80187
2724		3.785913		3.78675		39.93758		11.96132		11.79398		55.17883		22.97853		22.91046		79.36501		53.94893		54		11.79398		40.99446		41		22.93595		98.24341		98.33263		55.03067		52.88291		53.05822		52.72253		35.28035		35.3		97.98551		48.51367		48.51		52.89752
2736		3.787712		3.78675		40.46208		11.77419		12.35735		55.92442		22.97848		23.00215		79.49927		54.09049		54		12.35735		40.97961		41		22.89361		98.36848		98.37083		55.0146		52.93907		52.98812		58.87501		35.31311		35.3		98.45949		48.5012		48.51		52.77288
2748		3.787966		3.78675		40.53615		12.23791		11.73224		54.9342		22.95376		23.01812		79.54143		53.93346		54		11.73224		41.06584		41		23.14425		98.08262		98.17594		55.03048		52.83892		52.84574		61.08038		35.29291		35.3		98.16724		48.50667		48.51		52.82768
2760		3.787645		3.78675		40.44196		11.88847		11.65471		55.14832		23.03189		23.16634		79.60313		53.91415		54		11.65471		41.02908		41		23.0384		98.28861		97.94524		54.9455		52.87141		52.91305		59.5548		35.29654		35.3		98.21657		48.51133		48.51		52.87421
2772		3.789243		3.78675		40.90792		11.92152		12.17643		55.68974		23.02489		22.8835		79.3779		54.04508		54		12.17643		41.00555		41		22.97085		98.30182		98.2152		54.99047		52.8785		52.72743		68.72893		35.32491		35.3		98.62529		48.51334		48.51		52.89448
2784		3.787471		3.78675		40.39183		11.97732		12.01956		55.36533		23.07544		23.04443		79.48842		54.00602		54		12.01956		41.04124		41		23.07507		98.17485		98.41154		55.05588		52.89565		53.04057		54.49544		35.2833		35.3		98.02847		48.499		48.51		52.75155
2796		3.785686		3.78675		39.8716		11.71446		12.04749		55.58775		22.92666		22.98256		79.52048		54.01343		54		12.04749		41.02574		41		23.03067		98.50188		98.32138		54.98072		52.95463		52.83504		67.08238		35.32061		35.3		98.56886		48.54081		48.51		53.16998
2808		3.78444		3.78675		39.50789		11.83027		11.61474		55.13641		23.09963		22.96785		79.39926		53.90495		54		11.61474		41.02379		41		23.02594		98.46545		98.23773		54.96892		52.89791		52.76122		68.10953		35.30048		35.3		98.28148		48.5281		48.51		53.04288
2820		3.786349		3.78675		40.06458		12.01874		11.63231		54.96239		23.05661		22.9933		79.49306		53.9096		54		11.63231		41.0066		41		22.97705		98.261		98.12645		54.97065		52.84303		52.85236		61.02202		35.29171		35.3		98.15364		48.50317		48.51		52.79356
2832		3.786999		3.78675		40.25391		11.96592		12.04747		55.46688		23.03671		23.05782		79.57444		54.01387		54		12.04747		41.01286		41		22.99619		98.16879		98.5351		55.04716		52.79328		52.99663		51.65233		35.30043		35.3		98.27774		48.50776		48.51		52.83949
2844		3.787202		3.78675		40.31343		11.86447		11.97523		55.53381		23.04778		23.18412		79.69633		53.99583		54		11.97523		41.04256		41		23.08321		98.31933		98.18498		54.96533		52.88495		53.00795		55.51279		35.29789		35.3		98.24328		48.52069		48.51		52.96874
2856		3.790916		3.78675		41.39694		11.96616		11.98625		55.44708		23.01848		22.94977		79.44248		53.99875		54		11.98625		40.99575		41		22.94809		98.33097		98.26882		54.9818		52.8584		52.89884		59.28638		35.31369		35.3		98.47238		48.52327		48.51		52.99473
2868		3.789183		3.78675		40.89158		11.86386		11.77082		55.17674		23.04164		23.00757		79.47325		53.94507		54		11.77082		41.01529		41		23.00536		98.3059		98.4999		55.02864		52.84524		52.66657		69.72775		35.30533		35.3		98.35323		48.49806		48.51		52.74283
2880		3.785697		3.78675		39.87536		11.83924		11.80307		55.21459		22.86791		23.07097		79.69978		53.95358		54		11.80307		41.00469		41		22.97531		98.34347		98.08739		54.95218		52.91902		52.89486		62.26867		35.29359		35.3		98.18782		48.48876		48.51		52.64989
2892		3.78882		3.78675		40.78631		11.81972		11.86598		55.31681		23.11969		23.03753		79.47173		53.96959		54		11.86598		41.02665		41		23.03989		98.28614		98.42684		55.00295		52.85996		52.66216		70.60792		35.31974		35.3		98.56392		48.50881		48.51		52.85043
2904		3.786615		3.78675		40.14264		11.94754		11.98702		55.44362		22.99762		23.20491		79.75044		54.00003		54		11.98702		41.00923		41		22.99034		98.1916		98.21359		54.96392		52.76078		52.7651		61.01444		35.29606		35.3		98.22027		48.51156		48.51		52.87787
2916		3.789099		3.78675		40.86756		12.26347		12.11982		55.27472		23.02703		23.08999		79.63895		54.03337		54		12.11982		41.0561		41		23.12721		98.07045		98.35414		55.03466		52.88055		52.98863		55.88862		35.29269		35.3		98.17474		48.51125		48.51		52.87492
2928		3.785142		3.78675		39.71408		12.01679		12.07755		55.46704		22.95792		23.11748		79.70184		54.0227		54		12.07755		41.04748		41		23.10294		98.23586		98.23627		55.00234		52.87066		52.88071		60.51641		35.28629		35.3		98.08165		48.52488		48.51		53.01144
2940		3.789177		3.78675		40.8907		11.88293		11.95399		55.42139		23.04839		23.0426		79.53914		53.9918		54		11.95399		41.02505		41		23.03874		98.30199		98.02553		54.96456		52.8409		53.03585		51.68155		35.30382		35.3		98.33464		48.51276		48.51		52.89035
2952		3.787497		3.78675		40.40053		12.04309		11.84704		55.2192		22.99987		23.00004		79.54214		53.96498		54		11.84704		41.04112		41		23.08606		98.26994		98.05306		54.96266		52.84348		53.04142		51.53596		35.29015		35.3		98.13541		48.49751		48.51		52.73801
2964		3.786535		3.78675		40.11959		11.85795		12.05204		55.54307		22.96621		23.06436		79.63272		54.01649		54		12.05204		41.08291		41		23.20783		98.37475		98.05823		54.95108		52.83901		52.74906		65.23433		35.28836		35.3		98.10884		48.50192		48.51		52.78211
2976		3.785077		3.78675		39.69437		12.03322		12.04941		55.3973		23.07204		22.99879		79.49413		54.01588		54		12.04941		41.00996		41		22.99726		98.33358		98.23292		54.98444		52.85607		52.88072		59.75906		35.31405		35.3		98.47835		48.50034		48.51		52.76604
2988		3.787348		3.78675		40.35669		11.88213		11.80781		55.26632		23.0724		23.02513		79.49882		53.95541		54		11.80781		41.00417		41		22.98116		98.34477		97.97892		54.95521		52.80383		52.96511		53.2357		35.30104		35.3		98.29409		48.5053		48.51		52.8156
3000		3.787091		3.78675		40.28187		12.03741		11.91941		55.201		22.932		23.18574		79.78333		53.9836		54		11.91941		41.00597		41		22.98724		98.27218		98.32283		55.02191		52.94301		52.86583		64.7607		35.29309		35.3		98.17988		48.51447		48.51		52.90739
3012		3.785906		3.78675		39.93652		12.00881		12.07266		55.403		23.05115		22.97481		79.48522		54.02214		54		12.07266		41.05643		41		23.13416		98.19302		98.34344		55.03752		52.82866		52.87374		58.92278		35.29336		35.3		98.18463		48.52069		48.51		52.96967
3024		3.785557		3.78675		39.83506		12.1184		11.8111		55.02407		23.0017		23.08383		79.62085		53.95663		54		11.8111		41.00681		41		22.99115		98.13501		98.26513		55.03158		52.93297		52.83393		65.93928		35.30552		35.3		98.36028		48.49693		48.51		52.73208
3036		3.786638		3.78675		40.15024		11.96027		11.46529		54.78743		23.03132		23.08275		79.62126		53.87027		54		11.46529		40.97894		41		22.91113		98.20808		98.2332		55.00883		52.87151		52.75293		66.92854		35.30293		35.3		98.32571		48.52071		48.51		52.96986
3048		3.785602		3.78675		39.84813		11.81405		11.98219		55.46719		22.99779		22.95012		79.48961		54.00019		54		11.98219		41.05408		41		23.12948		98.3791		98.03934		54.95855		52.88745		52.74784		67.86667		35.30314		35.3		98.33386		48.50506		48.51		52.81363
3060		3.786771		3.78675		40.18913		11.96143		11.94909		55.33371		23.09144		22.88735		79.36208		53.99205		54		11.94909		41.00943		41		23.00079		98.25153		98.12451		54.97376		53.00219		52.7655		72.54596		35.28154		35.3		98.02068		48.52272		48.51		52.99036
3072		3.786773		3.78675		40.18993		11.84911		11.91803		55.38698		23.05198		22.97106		79.49647		53.98448		54		11.91803		41.02524		41		23.04738		98.40944		98.69699		55.05415		52.91863		52.91733		61.36648		35.29566		35.3		98.22658		48.5186		48.51		52.94916
3084		3.788847		3.78675		40.79497		12.15461		11.64944		54.77399		23.20399		23.04984		79.43138		53.91732		54		11.64944		41.00953		41		23.00255		98.0569		98.21149		55.03124		52.88777		52.92251		59.6237		35.30357		35.3		98.34131		48.50341		48.51		52.79745
3096		3.787827		3.78675		40.49782		11.82183		11.66796		55.07711		23.10614		23.12044		79.5707		53.92224		54		11.66796		41.01909		41		23.03102		98.44403		98.29003		54.9714		52.84014		52.99337		53.97446		35.3076		35.3		98.39879		48.50834		48.51		52.84677
3108		3.788257		3.78675		40.62297		12.05786		12.08557		55.26512		23.0704		23.20249		79.71182		54.02739		54		12.08557		41.01752		41		23.02742		98.12309		98.38785		55.0296		52.86688		52.91779		58.85259		35.29221		35.3		98.17684		48.48871		48.51		52.6502
3120		3.785475		3.78675		39.81125		12.03596		11.78852		54.99973		23.11021		22.98641		79.48935		53.953		54		11.78852		41.03623		41		23.0826		98.2117		98.00536		54.93516		52.83923		52.68387		68.78362		35.30533		35.3		98.36218		48.50443		48.51		52.80714
3132		3.787313		3.78675		40.3474		11.89622		11.87327		55.17946		23.02241		22.92455		79.48074		53.97469		54		11.87327		40.98148		41		22.9247		98.2489		98.33619		54.96677		52.81088		53.01079		51.71605		35.30445		35.3		98.34841		48.50077		48.51		52.77036
3144		3.78677		3.78675		40.18869		11.83805		12.06033		55.48576		23.06141		23.22855		79.75334		54.02172		54		12.06033		40.99937		41		22.9775		98.25914		98.13941		54.91646		52.85688		52.86023		61.14825		35.30657		35.3		98.37498		48.50643		48.51		52.82696
3156		3.787132		3.78675		40.294		11.91634		11.91605		55.3102		23.11026		23.13423		79.63337		53.98564		54		11.91605		41.05114		41		23.12851		98.22849		98.03414		54.9073		52.91076		52.701		71.22025		35.30197		35.3		98.30842		48.52905		48.51		53.05315
3168		3.786465		3.78675		40.09923		11.99419		12.16459		55.4906		23.02384		23.18357		79.7585		54.04809		54		12.16459		41.03041		41		23.06925		98.09841		98.22614		54.96069		52.89034		52.75438		67.82129		35.31049		35.3		98.42828		48.52425		48.51		53.00516
3180		3.787727		3.78675		40.46776		11.96118		11.94277		55.34714		23.14139		23.02795		79.51616		53.9925		54		11.94277		41.00327		41		22.99157		98.18351		98.27694		54.95617		52.84323		52.87372		60.05499		35.29754		35.3		98.24019		48.50931		48.51		52.85572
3192		3.786668		3.78675		40.15876		11.87932		12.14021		55.62669		23.03111		23.03361		79.62689		54.04207		54		12.14021		41.07034		41		23.187		98.3633		98.16771		54.92111		52.8007		52.9599		53.85799		35.29676		35.3		98.22854		48.50754		48.51		52.83781
3204		3.788165		3.78675		40.59523		11.89702		12.00082		55.4297		23.09787		23.19557		79.71819		54.00721		54		12.00082		41.03977		41		23.09935		98.18797		98.3176		54.9714		52.95546		52.76398		70.5354		35.30461		35.3		98.33866		48.5035		48.51		52.79746
3216		3.786392		3.78675		40.07801		11.83293		11.839		55.2982		23.09096		23.16827		79.70714		53.96672		54		11.839		40.98745		41		22.94867		98.28041		98.20903		54.92408		52.86914		52.93575		58.29887		35.28097		35.3		97.99253		48.51658		48.51		52.92808
3228		3.786922		3.78675		40.23192		12.07646		12.05237		55.32775		23.0567		23.04082		79.62468		54.02035		54		12.05237		41.04118		41		23.10534		98.09273		98.00855		54.89808		52.784		52.93019		54.47844		35.30911		35.3		98.39247		48.50542		48.51		52.81638
3240		3.785967		3.78675		39.95353		12.15524		11.53898		54.77666		23.04671		23.12305		79.73028		53.89154		54		11.53898		41.00367		41		22.99755		97.96079		98.01796		54.92852		52.83416		52.70207		67.92614		35.29882		35.3		98.24333		48.50187		48.51		52.78073
3252		3.785445		3.78675		39.80126		12.10056		11.90554		55.18375		23.07485		22.94355		79.52876		53.98364		54		11.90554		41.03896		41		23.10065		98.17374		98.33747		54.96317		52.9036		52.83406		64.77642		35.29815		35.3		98.23496		48.51075		48.51		52.86964
3264		3.786344		3.78675		40.06337		12.10059		11.90968		55.1941		23.21741		23.18074		79.60945		53.98475		54		11.90968		41.07208		41		23.19764		98.10926		98.13092		54.93802		52.90264		52.93656		60.08276		35.304		35.3		98.31757		48.50977		48.51		52.8597
3276		3.786933		3.78675		40.23551		11.99707		11.90444		55.31891		23.11487		23.19924		79.75178		53.98328		54		11.90444		41.00895		41		23.01571		98.18778		98.24119		54.95724		52.79503		53.01307		51.29568		35.30215		35.3		98.28983		48.5319		48.51		53.0808
3288		3.785793		3.78675		39.90312		12.11457		12.01641		55.32709		23.12315		23.32722		79.83362		54.01122		54		12.01641		41.05379		41		23.14644		98.17431		98.33015		54.99162		52.79954		52.82488		60.48055		35.30576		35.3		98.34164		48.49638		48.51		52.72535
3300		3.786753		3.78675		40.18308		11.97452		11.94371		55.36045		23.08031		23.00716		79.57406		53.993		54		11.94371		40.99089		41		22.96501		98.22963		98.09049		54.94839		52.87677		52.65163		72.4097		35.30241		35.3		98.29342		48.51695		48.51		52.93093
3312		3.787569		3.78675		40.42152		12.06654		11.87764		55.25657		23.10276		23.02228		79.59165		53.9762		54		11.87764		41.01748		41		23.04294		98.18188		98.3134		55.01678		52.84054		52.75794		65.63407		35.29936		35.3		98.25205		48.50571		48.51		52.81842
3324		3.786066		3.78675		39.98293		12.04876		12.24016		55.5652		22.97949		23.04088		79.66726		54.06731		54		12.24016		41.01989		41		23.05054		98.04716		98.3549		55.05425		52.84916		52.92199		58.18361		35.29606		35.3		98.20657		48.51876		48.51		52.94882
3336		3.786178		3.78675		40.01625		12.01029		12.1279		55.48598		23.06622		23.17361		79.72948		54.03916		54		12.1279		41.02489		41		23.06588		98.2253		98.12621		54.99357		52.82445		52.77502		64.01963		35.3125		35.3		98.44601		48.50472		48.51		52.80824
3348		3.784646		3.78675		39.56933		12.12997		11.76712		54.98421		22.95436		23.04961		79.67784		53.94859		54		11.76712		40.97482		41		22.92131		98.20802		98.34535		55.02459		52.8233		53.06218		49.99301		35.29975		35.3		98.26132		48.48928		48.51		52.65382
3360		3.78559		3.78675		39.84411		12.10779		11.79631		55.06737		23.04582		23.08605		79.62695		53.95586		54		11.79631		41.00757		41		23.01696		98.28418		97.93006		54.92351		52.85346		52.79324		64.1198		35.27248		35.3		97.86357		48.51369		48.51		52.89774
3372		3.788063		3.78675		40.56547		11.96437		12.02228		55.44992		23.03439		23.09624		79.66294		54.01253		54		12.02228		41.02441		41		23.06644		98.16797		98.29879		54.99333		52.9239		52.85993		64.30319		35.29441		35.3		98.17657		48.49594		48.51		52.72001
3384		3.78574		3.78675		39.88769		12.12537		11.68877		54.96996		23.10104		23.1013		79.62874		53.92878		54		11.68877		41.02969		41		23.08247		98.15207		98.37996		55.00045		52.9107		52.90986		61.32267		35.30898		35.3		98.38307		48.49796		48.51		52.74017
3396		3.787447		3.78675		40.38606		12.05473		12.08476		55.44927		23.07565		22.99514		79.5221		54.02807		54		12.08476		41.07951		41		23.22733		98.20799		98.27716		54.98519		52.83051		52.71533		66.80913		35.29543		35.3		98.18826		48.50141		48.51		52.77446
3408		3.788427		3.78675		40.67171		12.03134		12.43676		55.81484		22.88293		23.1267		79.79341		54.11628		54		12.43676		40.9499		41		22.85208		98.18224		98.35066		55.02385		52.88741		52.8642		62.39129		35.2724		35.3		97.85813		48.50437		48.51		52.80393
3420		3.786908		3.78675		40.22832		12.11257		12.13242		55.3894		23.10455		23.03045		79.48847		54.03998		54		12.13242		41.07432		41		23.21312		98.25276		98.49227		55.03139		52.83792		52.85283		60.60319		35.30517		35.3		98.33009		48.5338		48.51		53.09816
3432		3.785326		3.78675		39.76685		12.00172		12.1975		55.52704		23.05784		22.92586		79.42311		54.05637		54		12.1975		41.02543		41		23.07192		98.27446		98.33113		54.99362		52.79178		52.72221		64.79843		35.3006		35.3		98.26298		48.5068		48.51		52.82792
3444		3.787852		3.78675		40.50349		12.02372		12.04625		55.4145		23.06641		23.08722		79.57355		54.01832		54		12.04625		41.03025		41		23.08636		98.20043		98.27037		54.99278		52.79689		52.82179		60.0939		35.29064		35.3		98.11826		48.50256		48.51		52.78549
