Trend data for Model:	
Model time base:		3
Plot duration (secs):		1017

Plot information - trends












Plot information - trajectories














Tag-names		24_PC1024:Measurement		24_PC1024:InternalSetpoint		24_PC1024:ControllerOutput		24_FC1005:Measurement		24_FC1005:InternalSetpoint		24_FC1005:ControllerOutput		24_FC1019:Measurement		24_FC1019:InternalSetpoint		24_FC1019:ControllerOutput		24_LC1016:Measurement		24_LC1016:InternalSetpoint		24_LC1016:ControllerOutput		24_LC1015:Measurement		24_LC1015:InternalSetpoint		24_LC1015:ControllerOutput		24_FC1015:Measurement		24_FC1015:InternalSetpoint		24_FC1015:ControllerOutput		24_LC1028:Measurement		24_LC1028:InternalSetpoint		24_LC1028:ControllerOutput		24_TC1015:Measurement		24_TC1015:InternalSetpoint		24_TC1015:ControllerOutput		24_TC1088:Measurement		24_TC1088:InternalSetpoint		24_TC1088:ControllerOutput
Units		barg		barg		%		t/h		t/h		%		t/h		t/h		%		%		%		t/h		%		%		t/h		t/h		t/h		%		%		%		%		C		C		t/h		C		C		%
Legend titles																																																						
0		3.788591		3.78675		40.26914		11.98095		11.93585		54		23.03056		23.0245		79.52148		53.98228		54		11.93585		40.0258		40		23.0245		98.22828		98.40504		54.93191		52.80363		52.90595		62.65106		35.31006		35.3		98.40504		48.52017		48.51		52.90595
3		3.787852		3.78675		40.23256		11.60734		12.10641		54.76089		22.99259		23.0271		79.55494		54.04153		54		12.10641		39.9892		40		23.00255		98.47218		98.14216		54.90962		52.79144		52.79401		61.64787		35.30474		35.3		98.32983		48.49974		48.51		52.70172
6		3.787165		3.78675		40.19817		11.74568		11.66351		54.35957		22.99348		23.01046		79.53371		53.88778		54		11.66351		39.96986		40		22.99096		98.49013		98.22743		54.92645		52.78387		52.82323		61.28002		35.30381		35.3		98.31679		48.5035		48.51		52.73932
9		3.786461		3.78675		40.163		11.72688		12.0156		54.9035		23.01564		23.03627		79.53588		54.01002		54		12.0156		40.02827		40		23.02602		98.57291		98.42054		54.95404		52.78602		52.82613		61.27241		35.30165		35.3		98.28615		48.51203		48.51		52.82471
12		3.786826		3.78675		40.18144		11.78175		11.87966		54.83584		23.0246		23.02508		79.522		53.96293		54		11.87966		39.99915		40		23.00856		98.4052		98.22741		54.94768		52.76537		52.83887		60.93852		35.30158		35.3		98.28566		48.51882		48.51		52.89264
15		3.785668		3.78675		40.12346		11.68658		11.87453		55.04983		23.04676		23.01138		79.48601		53.96121		54		11.87453		39.99357		40		23.00521		98.47269		98.23045		54.93156		52.85185		52.70688		63.12321		35.29372		35.3		98.17192		48.5089		48.51		52.79353
18		3.788363		3.78675		40.25833		11.8313		11.93553		55.03493		23.02513		23.03544		79.53016		53.98249		54		11.93553		40.01391		40		23.01742		98.19935		98.16788		54.98426		52.85018		52.74422		62.73316		35.30178		35.3		98.2867		48.50367		48.51		52.74129
21		3.785874		3.78675		40.13331		11.83541		12.05282		55.19561		23.04969		23.00911		79.48668		54.02327		54		12.05282		40.0087		40		23.0143		98.25739		98.01184		54.93074		52.84725		52.80673		62.07877		35.28637		35.3		98.0639		48.5177		48.51		52.88166
24		3.786649		3.78675		40.17214		11.87744		11.93399		55.11096		23.03971		23.0414		79.53653		53.98199		54		11.93399		40.00216		40		23.0104		98.27107		98.41443		55.02796		52.8132		52.76498		62.15576		35.30505		35.3		98.33294		48.51629		48.51		52.8675
27		3.787371		3.78675		40.20829		11.83088		11.96695		55.21982		23.04631		23.00176		79.48975		53.9935		54		11.96695		40.01461		40		23.01787		98.40489		98.27201		54.9589		52.81059		52.68683		62.9112		35.30768		35.3		98.37028		48.50524		48.51		52.757
30		3.78595		3.78675		40.1373		11.97144		12.115		55.29773		22.97758		23.01421		79.56311		54.04489		54		12.115		39.95391		40		22.98147		98.22256		98.22046		54.99159		52.812		52.86219		61.17167		35.2799		35.3		97.97013		48.50757		48.51		52.78034
33		3.784768		3.78675		40.07823		11.85025		11.87726		55.19136		22.99034		22.99834		79.53209		53.96241		54		11.87726		40.02859		40		23.02627		98.40248		98.23411		54.95003		52.80982		52.64885		63.28328		35.31031		35.3		98.40742		48.53061		48.51		53.01064
36		3.78655		3.78675		40.16763		11.90217		12.03235		55.32661		22.99501		23.0139		79.54606		54.01633		54		12.03235		40.01841		40		23.02017		98.34341		98.33099		54.98901		52.7859		52.77155		61.81704		35.29794		35.3		98.22758		48.5088		48.51		52.79254
39		3.786196		3.78675		40.14998		11.9139		11.98833		55.31871		22.97832		23.02501		79.5727		54.00103		54		11.98833		40.00834		40		23.01413		98.31072		98.08289		54.93516		52.81537		52.68274		62.99986		35.29001		35.3		98.11173		48.49572		48.51		52.66166
42		3.787023		3.78675		40.19103		12.04692		11.86471		55.08683		23.0196		23.01398		79.52508		53.95816		54		11.86471		39.9813		40		22.99791		98.20185		98.18235		54.98724		52.8136		52.7167		62.64258		35.28318		35.3		98.01238		48.51585		48.51		52.86294
45		3.787524		3.78675		40.21615		11.94761		11.85388		55.20788		23.05279		22.9933		79.47888		53.95436		54		11.85388		39.97362		40		22.9933		98.31582		98.18895		54.9604		52.79647		52.88389		60.79943		35.29249		35.3		98.14737		48.51145		48.51		52.81901
48		3.787229		3.78675		40.20166		11.93583		11.81597		55.20372		23.06982		23.01478		79.48036		53.94119		54		11.81597		40.04112		40		23.03383		98.31133		98.22425		54.97034		52.84251		52.79144		62.1843		35.29102		35.3		98.12489		48.52278		48.51		52.93229
51		3.787235		3.78675		40.20209		11.8654		11.9947		55.44004		23.03076		23.05995		79.55991		54.0033		54		11.9947		40.06056		40		23.04552		98.35202		98.24177		54.96455		52.79221		52.71644		62.43122		35.29285		35.3		98.15164		48.50775		48.51		52.78198
54		3.787751		3.78675		40.22768		12.03086		12.01442		55.32633		23.02592		23.02546		79.53073		54.01018		54		12.01442		40.02285		40		23.02289		98.28292		98.35878		55.01108		52.84594		52.75283		62.60473		35.28809		35.3		98.08253		48.50429		48.51		52.74737
57		3.785606		3.78675		40.12018		11.98728		12.00881		55.3623		23.03229		23.00412		79.50521		54.00825		54		12.00881		40.00162		40		23.01017		98.19181		98.32129		55.02449		52.82725		52.71746		62.77145		35.30162		35.3		98.27655		48.50323		48.51		52.73675
60		3.786536		3.78675		40.16644		11.95623		11.637		55.00783		23.04059		22.9918		79.48013		53.87922		54		11.637		39.94574		40		22.97664		98.32541		98.26402		54.97677		52.78317		52.88218		60.68345		35.30552		35.3		98.33289		48.50925		48.51		52.79701
63		3.786109		3.78675		40.14512		11.92862		12.05366		55.4888		23.01161		23.01823		79.5332		54.02394		54		12.05366		39.95384		40		22.98151		98.34941		98.39944		55.00462		52.80854		52.73949		62.36404		35.29506		35.3		98.18339		48.51135		48.51		52.818
66		3.786994		3.78675		40.18943		11.88751		11.88311		55.34033		23.00845		23.0011		79.51928		53.96478		54		11.88311		39.99578		40		23.00668		98.32571		98.169		54.95294		52.7742		52.87777		60.63792		35.30818		35.3		98.37197		48.50719		48.51		52.77627
69		3.785931		3.78675		40.13647		11.85759		11.81802		55.29504		23.01691		23.04302		79.54747		53.94228		54		11.81802		39.99014		40		23.00331		98.32071		98.43395		55.02042		52.79136		52.89975		60.58969		35.30484		35.3		98.32455		48.50412		48.51		52.74562
72		3.787803		3.78675		40.23007		12.14795		12.05076		55.23486		22.96964		23.04404		79.59782		54.02314		54		12.05076		39.98435		40		22.99984		98.23137		98.09956		54.95916		52.70397		52.6848		61.86525		35.29831		35.3		98.23042		48.51604		48.51		52.86483
75		3.787355		3.78675		40.20769		11.97637		11.90521		55.25792		23.07009		22.98934		79.45616		53.97261		54		11.90521		40.01341		40		23.01729		98.27928		98.2224		54.97789		52.81849		52.67471		63.1114		35.30212		35.3		98.28642		48.51831		48.51		52.88753
78		3.786335		3.78675		40.15668		11.78395		11.74508		55.28125		23.03625		23.00376		79.5002		53.91711		54		11.74508		39.92668		40		22.96527		98.39479		98.03572		54.90235		52.78366		52.8451		61.05912		35.29118		35.3		98.12888		48.50367		48.51		52.74107
81		3.786268		3.78675		40.15347		12.0313		12.12694		55.44488		23.04481		23.02297		79.51095		54.0497		54		12.12694		40.02506		40		23.02431		98.20478		98.4458		55.05237		52.85096		52.76008		62.58227		35.29719		35.3		98.21673		48.50068		48.51		52.71123
84		3.788435		3.78675		40.26184		11.88743		11.77969		55.24694		23.01939		22.9983		79.50711		53.92916		54		11.77969		40.03277		40		23.02895		98.35695		98.41688		55.0071		52.8433		52.86037		61.50293		35.3079		35.3		98.37076		48.51318		48.51		52.83622
87		3.785748		3.78675		40.12751		11.93246		12.10389		55.51285		23.0022		22.9975		79.5221		54.0418		54		12.10389		39.97322		40		22.99322		98.27265		98.20743		54.97581		52.82224		52.89007		60.99524		35.29282		35.3		98.15434		48.51669		48.51		52.87133
90		3.787579		3.78675		40.21956		11.89136		11.99762		55.4268		23.04816		23.02588		79.50731		54.00497		54		11.99762		40.01057		40		23.01566		98.35112		98.51584		55.03329		52.8184		53.02084		59.64916		35.31186		35.3		98.42992		48.5159		48.51		52.86345
93		3.785264		3.78675		40.10381		11.88791		11.80565		55.22238		23.0064		23.01184		79.52978		53.93838		54		11.80565		39.98484		40		23.00023		98.33856		98.27532		54.9763		52.77976		52.83307		61.14049		35.3044		35.3		98.32359		48.52352		48.51		52.93971
96		3.784756		3.78675		40.07855		12.00781		12.19602		55.53194		23.04335		23.00102		79.48335		54.0739		54		12.19602		39.96749		40		22.98981		98.23247		97.89735		54.90833		52.78864		52.80597		61.50029		35.30216		35.3		98.29063		48.51631		48.51		52.86757
99		3.786737		3.78675		40.17774		11.9442		11.87314		55.27546		23.02205		23.0262		79.52506		53.96181		54		11.87314		39.97894		40		22.99669		98.2758		98.05704		54.93742		52.76598		52.7348		61.98527		35.29843		35.3		98.23805		48.50329		48.51		52.73734
102		3.785502		3.78675		40.11575		11.90452		11.99211		55.41758		23.02445		23.00702		79.50777		54.00317		54		11.99211		40.03128		40		23.0281		98.34241		98.13978		54.94146		52.81762		52.78642		61.9855		35.29096		35.3		98.12995		48.49822		48.51		52.68656
105		3.785928		3.78675		40.13671		11.85737		11.84322		55.32885		22.99522		23.00431		79.54235		53.95151		54		11.84322		39.97637		40		22.99518		98.32513		98.08362		54.93174		52.78597		52.88406		60.69268		35.29146		35.3		98.13521		48.51268		48.51		52.83112
108		3.787315		3.78675		40.20587		12.00864		11.82313		55.15372		23.03255		23.00013		79.50835		53.94459		54		11.82313		40.00335		40		23.01137		98.12575		98.31733		55.04001		52.8051		52.76633		62.06117		35.30087		35.3		98.27097		48.51246		48.51		52.82893
111		3.787239		3.78675		40.20241		11.89854		11.92685		55.36667		23.01812		23.02656		79.53942		53.98058		54		11.92685		40.02902		40		23.0268		98.34911		98.1958		54.95379		52.71404		52.74985		61.31541		35.29351		35.3		98.16476		48.48904		48.51		52.59471
114		3.787783		3.78675		40.2294		12.0622		11.91676		55.18532		23.01389		23.01179		79.53008		53.97713		54		11.91676		39.97485		40		22.99432		98.23916		98.32793		55.01431		52.82848		52.75227		62.43571		35.31213		35.3		98.4321		48.51349		48.51		52.83919
117		3.786335		3.78675		40.15723		11.99517		11.90366		55.21469		23.03458		23.03536		79.5332		53.97264		54		11.90366		39.99305		40		23.00525		98.2778		98.09007		54.94518		52.77073		52.7775		61.60587		35.28686		35.3		98.06796		48.51209		48.51		52.82529
120		3.786494		3.78675		40.16504		11.88877		11.96337		55.37382		22.99128		23.02993		79.55967		53.99345		54		11.96337		40.00925		40		23.01498		98.23288		98.29237		55.00698		52.8004		52.7361		62.31657		35.29305		35.3		98.15562		48.5085		48.51		52.78933
123		3.785971		3.78675		40.13906		12.00664		12.06476		55.39739		22.98881		23.00313		79.54087		54.02865		54		12.06476		40.04236		40		23.03485		98.27655		98.52813		55.05501		52.77147		52.74831		61.90514		35.31013		35.3		98.403		48.50268		48.51		52.7311
126		3.786183		3.78675		40.14991		11.94288		12.01512		55.38281		23.04049		23.01977		79.5043		54.01147		54		12.01512		39.98872		40		23.00267		98.25065		98.1678		54.9714		52.77385		52.70934		62.31869		35.27879		35.3		97.9526		48.51111		48.51		52.81535
129		3.785099		3.78675		40.09576		11.96365		11.912		55.24377		23.01366		23.01484		79.52913		53.97576		54		11.912		40.00133		40		23.01027		98.19743		98.42503		55.04901		52.78646		52.71357		62.40246		35.30243		35.3		98.2926		48.50804		48.51		52.78467
132		3.787178		3.78675		40.19954		11.86034		11.69978		55.12034		23.02066		23.03952		79.53978		53.90218		54		11.69978		40.01342		40		23.01754		98.37679		98.27603		54.96692		52.7986		52.80862		61.57335		35.29561		35.3		98.19417		48.50652		48.51		52.76942
135		3.787738		3.78675		40.2277		11.93001		11.97997		55.37817		23.01088		22.9975		79.51197		53.99948		54		11.97997		39.97694		40		22.99565		98.31104		98.29965		54.98926		52.85051		52.92063		60.97234		35.29864		35.3		98.2376		48.50148		48.51		52.71901
138		3.789199		3.78675		40.30102		11.94539		12.16755		55.57434		23.00329		22.9998		79.52021		54.06464		54		12.16755		40.01633		40		23.01928		98.35228		98.40789		55.00601		52.78806		52.74578		62.09635		35.29437		35.3		98.17609		48.5161		48.51		52.86531
141		3.786786		3.78675		40.18051		11.81162		12.001		55.53844		23.05202		23.01442		79.4841		54.00686		54		12.001		39.99129		40		23.00426		98.28946		98.2545		54.98337		52.77724		52.76457		61.80027		35.28535		35.3		98.04649		48.50279		48.51		52.73227
144		3.785607		3.78675		40.12184		11.93412		11.76716		55.18992		22.99134		23.02134		79.54113		53.92572		54		11.76716		40.04715		40		23.03778		98.31618		97.9758		54.90702		52.80457		52.82561		61.46313		35.29457		35.3		98.17974		48.50385		48.51		52.74291
147		3.787799		3.78675		40.23182		11.92177		11.99506		55.40766		23.02792		22.99829		79.47995		54.00488		54		11.99506		40.03728		40		23.03187		98.26079		98.27049		54.99453		52.78397		52.75164		61.99694		35.27269		35.3		97.86382		48.50979		48.51		52.80233
150		3.785304		3.78675		40.10692		12.04413		12.17116		55.45907		23.0207		23.01247		79.49933		54.06606		54		12.17116		40.04019		40		23.03364		97.96513		98.40188		55.1013		52.77258		52.89398		60.45955		35.30449		35.3		98.32249		48.50691		48.51		52.77348
153		3.786453		3.78675		40.16437		12.02956		11.76883		55.09054		22.99801		23.03053		79.53988		53.92637		54		11.76883		39.98718		40		23.00187		98.22533		98.14871		54.97296		52.77264		52.88173		60.58263		35.31942		35.3		98.53793		48.50628		48.51		52.76707
156		3.788855		3.78675		40.28424		11.86155		11.96379		55.44658		23.02766		23.0225		79.50948		53.99413		54		11.96379		40.03319		40		23.02948		98.3214		98.13194		54.94475		52.75635		52.81409		61.09612		35.30161		35.3		98.28139		48.50707		48.51		52.77498
159		3.787101		3.78675		40.19656		11.98931		12.00437		55.36735		23.00667		23.02997		79.54455		54.00823		54		12.00437		39.97531		40		22.99476		98.21866		98.20349		54.98832		52.73831		52.77192		61.33741		35.2997		35.3		98.25427		48.51562		48.51		52.86059
162		3.787531		3.78675		40.21807		12.0377		11.81945		55.16396		23.03405		23.0298		79.52251		53.94403		54		11.81945		40.00627		40		23.01336		98.26994		98.11903		54.95438		52.8005		52.79078		61.77075		35.3008		35.3		98.26967		48.5365		48.51		53.06941
165		3.785666		3.78675		40.12481		12.07264		12.01264		55.32828		23.05114		23.03155		79.51463		54.01109		54		12.01264		40.00308		40		23.01147		98.16696		98.32749		55.03224		52.77785		52.89169		60.53516		35.30299		35.3		98.30041		48.50356		48.51		52.7401
168		3.787936		3.78675		40.23847		12.03992		12.11793		55.45598		23.04785		23.03023		79.51747		54.04766		54		12.11793		39.97852		40		22.99676		98.11742		98.54247		55.09837		52.77769		52.79602		61.49026		35.31546		35.3		98.48242		48.51898		48.51		52.89429
171		3.786961		3.78675		40.18988		11.87099		11.95371		55.47345		23.05274		23.02065		79.50314		53.99066		54		11.95371		40.02877		40		23.02691		98.26217		98.02193		54.93205		52.79586		52.73291		62.3031		35.3046		35.3		98.32576		48.49255		48.51		52.62981
174		3.787395		3.78675		40.21155		11.89589		11.93529		55.42554		22.96912		23.02749		79.58455		53.98435		54		11.93529		40.06026		40		23.04582		98.3834		98.09105		54.91902		52.76794		52.87625		60.59051		35.29973		35.3		98.25555		48.50571		48.51		52.76138
177		3.785862		3.78675		40.135		11.95973		12.00714		55.42552		23.04429		23.02246		79.51235		54.00932		54		12.00714		40.00586		40		23.01321		98.31676		98.34316		54.99871		52.76555		52.84246		60.90443		35.30156		35.3		98.28291		48.51305		48.51		52.83483
180		3.787689		3.78675		40.22643		11.95135		12.09301		55.49633		23.01541		23.02567		79.53868		54.03921		54		12.09301		40.01805		40		23.02054		98.23504		98.04278		54.94405		52.84857		52.81453		62.01388		35.30589		35.3		98.34611		48.51101		48.51		52.81443
183		3.788098		3.78675		40.24716		11.9493		11.98589		55.38787		22.99696		22.9983		79.53481		54.00205		54		11.98589		39.97153		40		22.99265		98.34095		98.33945		54.99174		52.78971		52.90581		60.51252		35.3018		35.3		98.28823		48.51932		48.51		52.8976
186		3.786403		3.78675		40.16257		11.98842		12.03985		55.35935		22.96507		23.00584		79.57518		54.02087		54		12.03985		40.01029		40		23.01593		98.27693		98.25384		54.98634		52.75488		52.81429		61.07948		35.29756		35.3		98.22789		48.51011		48.51		52.80546
189		3.788693		3.78675		40.27746		12.02768		11.83219		55.12929		23.0855		23.01305		79.47069		53.94878		54		11.83219		40.01648		40		23.01968		98.1807		98.16812		54.98896		52.78116		53.00433		59.44181		35.30216		35.3		98.29455		48.51014		48.51		52.80579
192		3.787639		3.78675		40.22473		11.82712		11.88537		55.35545		23.00321		23.01401		79.54501		53.96734		54		11.88537		40.01132		40		23.0166		98.44683		98.26255		54.94604		52.78308		52.75639		61.94038		35.29544		35.3		98.19739		48.50559		48.51		52.76027
195		3.787996		3.78675		40.24312		11.96639		11.79302		55.14419		23.02279		23.03389		79.54002		53.9353		54		11.79302		40.01067		40		23.01621		98.18804		98.36096		55.03534		52.82245		52.71776		62.72045		35.28906		35.3		98.10663		48.49932		48.51		52.69759
198		3.788388		3.78675		40.26307		12.06227		11.97243		55.24357		23.08817		23.02446		79.47956		53.99759		54		11.97243		40.03885		40		23.03316		98.27767		98.3896		55.0201		52.71621		52.92053		59.63041		35.29492		35.3		98.19264		48.51048		48.51		52.80928
201		3.787896		3.78675		40.23896		11.92811		11.72963		55.11718		22.99563		23.01055		79.54687		53.91335		54		11.72963		40.03488		40		23.03079		98.28892		98.16128		54.9602		52.79986		52.90227		60.64946		35.30305		35.3		98.31059		48.49163		48.51		52.6207
204		3.787109		3.78675		40.2		12.07609		11.87088		55.12364		23.00159		23.02321		79.56239		53.96243		54		11.87088		39.99283		40		23.00559		98.13556		98.31497		55.03696		52.7824		52.77097		61.78784		35.31147		35.3		98.4324		48.51981		48.51		52.9025
207		3.78691		3.78675		40.19066		11.86885		12.11842		55.57597		23.04064		23.01265		79.50872		54.0484		54		12.11842		39.99678		40		23.00798		98.37318		98.24199		54.95932		52.7685		52.81586		61.19995		35.30647		35.3		98.36014		48.51907		48.51		52.89507
210		3.787727		3.78675		40.2316		12.05667		12.15171		55.41796		23.04903		23.00933		79.50081		54.05999		54		12.15171		40.02366		40		23.02415		98.14856		98.15053		54.99261		52.77969		52.95762		59.89423		35.29754		35.3		98.2311		48.51518		48.51		52.85629
213		3.787979		3.78675		40.24398		11.81774		11.78145		55.27865		23.04121		23.00587		79.50357		53.9315		54		11.78145		40.00089		40		23.01052		98.37098		98.27607		54.96838		52.76853		52.86807		60.67816		35.30211		35.3		98.29744		48.49596		48.51		52.66402
216		3.78715		3.78675		40.20292		11.92895		11.87936		55.24117		23.02228		23.01746		79.52806		53.96558		54		11.87936		40.02796		40		23.0268		98.32135		98.24972		54.9742		52.75704		52.77503		61.49367		35.29592		35.3		98.20946		48.5093		48.51		52.79743
219		3.786739		3.78675		40.18204		11.87864		11.91037		55.34379		23.01466		22.9743		79.49657		53.97635		54		11.91037		40.04161		40		23.03502		98.33332		98.40116		55.00907		52.78096		52.74211		62.06207		35.30735		35.3		98.37592		48.4813		48.51		52.51746
222		3.786207		3.78675		40.15546		12.04067		12.04712		55.32927		23.048		22.98434		79.47579		54.02385		54		12.04712		39.98461		40		23.00084		98.18884		98.45986		55.05987		52.80517		52.73883		62.33691		35.30671		35.3		98.36867		48.52398		48.51		52.94426
225		3.789542		3.78675		40.32239		12.01246		11.84723		55.14738		23.05412		23.0483		79.52952		53.95448		54		11.84723		40.03028		40		23.02828		98.16154		98.29515		55.02551		52.76205		52.68103		62.48367		35.30945		35.3		98.40853		48.51943		48.51		52.89865
228		3.787697		3.78675		40.23046		12.00691		11.68275		54.96942		23.03316		23.03132		79.53179		53.89742		54		11.68275		40.045		40		23.03714		98.19057		98.12172		54.9749		52.81213		52.70538		62.74106		35.28756		35.3		98.09398		48.5154		48.51		52.85852
231		3.785406		3.78675		40.11624		11.94387		11.88902		55.22283		22.97152		23.03335		79.58925		53.96912		54		11.88902		40.02145		40		23.02305		98.20368		98.19966		54.99111		52.77248		52.73671		62.0313		35.29695		35.3		98.22838		48.5022		48.51		52.72654
234		3.786942		3.78675		40.19309		11.85483		12.22765		55.66432		23.01527		22.99042		79.51331		54.0867		54		12.22765		40.00857		40		23.01533		98.41587		98.03601		54.89715		52.81374		52.6763		63.04793		35.2942		35.3		98.1887		48.51204		48.51		52.82492
237		3.786564		3.78675		40.17472		11.95716		11.97343		55.31687		23.0699		23.02675		79.50905		53.99847		54		11.97343		39.98805		40		23.00305		98.27425		98.51585		55.05251		52.78176		52.66444		62.8467		35.28402		35.3		98.04265		48.52292		48.51		52.93378
240		3.785841		3.78675		40.13903		11.98762		11.77469		55.09599		22.99426		23.02239		79.56836		53.92952		54		11.77469		40.00577		40		23.0137		98.30097		98.08829		54.93894		52.77756		52.65852		62.86394		35.30677		35.3		98.3707		48.48942		48.51		52.59869
243		3.786652		3.78675		40.17977		11.9856		12.0085		55.31548		22.97999		23.00264		79.55919		54.01074		54		12.0085		39.9987		40		23.00947		98.25413		98.16227		54.96915		52.72942		52.81304		60.83733		35.30361		35.3		98.32493		48.48455		48.51		52.54995
246		3.788216		3.78675		40.25801		12.00303		12.04065		55.3325		23.00106		23.03807		79.5724		54.02193		54		12.04065		40.02077		40		23.02275		98.34326		98.41888		55.01102		52.77979		52.69089		62.56252		35.31045		35.3		98.42414		48.51113		48.51		52.8159
249		3.785132		3.78675		40.10417		11.95878		11.79742		55.12917		22.99166		23.01184		79.55835		53.9375		54		11.79742		39.98467		40		23.00112		98.28023		98.51745		55.05142		52.7838		52.77711		61.74037		35.28397		35.3		98.04275		48.51793		48.51		52.88387
252		3.787139		3.78675		40.20468		12.00586		12.01335		55.28922		23.03846		23.00402		79.51057		54.01255		54		12.01335		40.01246		40		23.01784		98.32484		98.23423		54.96946		52.78113		52.72519		62.23293		35.2923		35.3		98.16073		48.51958		48.51		52.90041
255		3.78646		3.78675		40.17094		11.75658		12.07959		55.59599		23.0109		23.04175		79.56695		54.03562		54		12.07959		40.04414		40		23.03688		98.39501		98.26932		54.96069		52.82959		52.66264		63.34307		35.2951		35.3		98.1999		48.51181		48.51		52.82271
258		3.787381		3.78675		40.21668		11.96443		11.85745		55.20583		22.98031		23.03621		79.59398		53.95847		54		11.85745		40.01044		40		23.0167		98.3336		98.33446		54.99233		52.77515		52.77242		61.70081		35.29802		35.3		98.24309		48.51947		48.51		52.8994
261		3.786275		3.78675		40.16142		12.04872		11.94327		55.21778		23.02779		23.02965		79.5448		53.98833		54		11.94327		40.01343		40		23.01853		98.14532		98.51508		55.08455		52.82835		52.70862		62.87088		35.31412		35.3		98.47446		48.49897		48.51		52.69432
264		3.787799		3.78675		40.23775		11.98807		12.02452		55.32164		23.00569		23.02204		79.56727		54.01666		54		12.02452		40.02423		40		23.02506		98.48663		98.47407		54.98897		52.7544		52.73702		61.84732		35.28194		35.3		98.01141		48.50151		48.51		52.7198
267		3.786217		3.78675		40.15877		11.97905		12.00421		55.33328		23.0392		23.02172		79.53736		54.00965		54		12.00421		40.0217		40		23.02359		98.32758		98.37999		55.00521		52.81004		52.81567		61.61726		35.29081		35.3		98.14024		48.50805		48.51		52.78522
270		3.785653		3.78675		40.13025		11.93034		11.95923		55.34248		23.05686		23.04407		79.53811		53.99405		54		11.95923		39.99706		40		23.00886		98.27893		98.14539		54.95873		52.79011		52.66824		62.89225		35.30075		35.3		98.28227		48.51265		48.51		52.83122
273		3.784463		3.78675		40.07071		12.06826		11.9445		55.20365		22.97453		23.02897		79.6057		53.98895		54		11.9445		40.05219		40		23.04198		98.14025		98.31221		55.0351		52.83998		52.88397		61.23362		35.30132		35.3		98.28959		48.51397		48.51		52.84452
276		3.789353		3.78675		40.31524		12.03743		11.95908		55.25381		23.00945		23.01775		79.56994		53.99397		54		11.95908		40.03155		40		23.02965		98.30615		98.27048		54.98319		52.80314		52.93085		60.39651		35.30514		35.3		98.34474		48.50537		48.51		52.75837
279		3.787992		3.78675		40.24774		11.83946		12.11811		55.61714		23.0438		22.9948		79.52083		54.04919		54		12.11811		40.02149		40		23.02366		98.38519		98.01293		54.89905		52.76855		52.6957		62.402		35.2748		35.3		97.90777		48.51812		48.51		52.88595
282		3.787649		3.78675		40.23059		11.96396		11.98332		55.38892		23.04046		23.03255		79.55705		54.0024		54		11.98332		40.02775		40		23.02746		98.25675		98.443		55.03867		52.80876		52.66385		63.12265		35.30281		35.3		98.31183		48.51889		48.51		52.89363
285		3.78666		3.78675		40.18118		11.98255		11.97774		55.33772		23.06366		23.01348		79.519		54.00053		54		11.97774		40.05102		40		23.04145		98.34638		98.36977		54.99796		52.83524		52.99291		60.09686		35.30297		35.3		98.3138		48.52331		48.51		52.93781
288		3.78591		3.78675		40.14361		11.9346		12.1075		55.52863		23.05121		23.02143		79.54567		54.04555		54		12.1075		40.00775		40		23.01555		98.30865		98.29281		54.98815		52.83678		52.83672		61.67416		35.28066		35.3		97.9924		48.49911		48.51		52.69586
291		3.787527		3.78675		40.22442		11.95912		12.03493		55.42278		23.04295		23.00823		79.54324		54.02034		54		12.03493		40.03531		40		23.03213		98.35353		97.98212		54.89926		52.85957		52.91456		61.1237		35.30443		35.3		98.33412		48.53047		48.51		53.00953
294		3.787469		3.78675		40.22181		11.94644		11.87172		55.27399		23.07158		23.0343		79.54034		53.96368		54		11.87172		40.02493		40		23.02594		98.21354		98.34441		55.02483		52.79554		52.76323		61.99664		35.31715		35.3		98.51719		48.50007		48.51		52.70539
297		3.787859		3.78675		40.24128		12.01914		11.91655		55.20996		23.03147		23.07005		79.61304		53.97931		54		11.91655		40.01799		40		23.02182		98.35049		98.27148		54.97236		52.7593		52.97902		59.47633		35.30496		35.3		98.34176		48.52029		48.51		52.90767
300		3.787079		3.78675		40.20202		11.98001		11.8918		55.21921		23.02146		23.04692		79.60074		53.97073		54		11.8918		40.01091		40		23.0176		98.24207		98.09109		54.95437		52.82052		52.80419		61.83677		35.28071		35.3		97.99241		48.51774		48.51		52.88217
303		3.786921		3.78675		40.19413		11.85323		11.83621		55.29426		23.10509		23.03973		79.51819		53.95144		54		11.83621		40.04902		40		23.0405		98.32192		98.20366		54.96255		52.7877		52.82732		61.27735		35.29853		35.3		98.24829		48.51454		48.51		52.85009
306		3.787904		3.78675		40.2432		11.84775		11.89709		55.34907		23.01523		23.05448		79.61638		53.97265		54		11.89709		40.03742		40		23.03362		98.31492		98.16861		54.95553		52.75747		52.71244		62.12387		35.3007		35.3		98.27899		48.51179		48.51		52.82259
309		3.786974		3.78675		40.19659		12.05774		11.79112		55.03276		23.01042		23.05793		79.62564		53.93587		54		11.79112		40.02213		40		23.02448		98.31381		98.44026		55.02372		52.72107		52.76001		61.28416		35.30478		35.3		98.33788		48.509		48.51		52.79468
312		3.787883		3.78675		40.24197		11.89659		11.96576		55.36483		23.03087		23.04786		79.60254		53.99654		54		11.96576		40.01054		40		23.01757		98.2625		98.35755		55.01587		52.82043		52.81211		61.75675		35.29645		35.3		98.21771		48.49172		48.51		52.62186
315		3.787233		3.78675		40.20963		12.01452		11.98346		55.25397		23.0279		23.04962		79.60362		54.00269		54		11.98346		39.98884		40		23.00459		98.24004		98.402		55.0326		52.78975		52.87702		60.80093		35.3038		35.3		98.3232		48.49186		48.51		52.62322
318		3.785698		3.78675		40.13279		12.05653		11.83284		55.08027		22.98799		23.0509		79.64675		53.95038		54		11.83284		39.98744		40		23.00379		98.27212		98.18249		54.9697		52.81766		52.74372		62.41303		35.31075		35.3		98.42355		48.50444		48.51		52.74905
321		3.785466		3.78675		40.12102		11.95068		11.83376		55.21384		22.99071		23.02614		79.62296		53.9507		54		11.83376		40.05855		40		23.04651		98.23764		98.17042		54.97531		52.77817		52.87694		60.68588		35.30933		35.3		98.4034		48.52527		48.51		52.95739
324		3.787113		3.78675		40.20312		12.03731		11.78605		55.07589		23.04588		23.04885		79.60169		53.93417		54		11.78605		40.01365		40		23.01961		98.27515		98.13308		54.95659		52.78466		52.78176		61.70258		35.31219		35.3		98.44415		48.49776		48.51		52.68216
327		3.787962		3.78675		40.24524		12.11173		11.84159		55.05842		22.99628		23.04616		79.64055		53.95348		54		11.84159		40.01007		40		23.01749		98.19449		98.2113		54.99631		52.79591		52.70529		62.57977		35.29852		35.3		98.24819		48.52114		48.51		52.91594
330		3.786112		3.78675		40.1528		11.85823		12.00077		55.50543		23.06179		23.04727		79.58219		54.0087		54		12.00077		40.05863		40		23.0467		98.31203		98.32155		54.99449		52.80211		52.69535		62.74114		35.29232		35.3		98.15887		48.50686		48.51		52.77308
333		3.788827		3.78675		40.28846		11.93456		11.99209		55.43508		23.04695		23.00407		79.54941		54.00567		54		11.99209		40.0036		40		23.0137		98.29211		98.36049		55.0092		52.76509		52.77359		61.58852		35.30387		35.3		98.32338		48.49965		48.51		52.70087
336		3.785038		3.78675		40.09881		11.97704		11.93509		55.35197		23.068		23.0397		79.55887		53.98586		54		11.93509		40.0739		40		23.05594		98.23987		98.2615		54.99752		52.79725		52.9176		60.60817		35.31197		35.3		98.43988		48.50565		48.51		52.76077
339		3.787333		3.78675		40.21371		12.01024		11.825		55.21509		23.04944		23.00526		79.54455		53.94768		54		11.825		40.03236		40		23.03106		98.26433		98.1063		54.9526		52.83181		52.83203		60.60817		35.30063		35.3		98.27526		48.50775		48.51		52.78177
342		3.787592		3.78675		40.22656		12.02726		11.97255		55.3467		23.01514		23.0229		79.59681		53.9989		54		11.97255		40.03577		40		23.03316		98.17703		98.35556		55.03674		52.85889		52.68016		60.60817		35.29153		35.3		98.14457		48.5013		48.51		52.71727
345		3.786103		3.78675		40.15217		11.9518		12.05844		55.51241		23.02933		23.02315		79.58044		54.0287		54		12.05844		40.04429		40		23.0383		98.18416		98.35795		55.03556		52.84733		52.80831		60.60817		35.28958		35.3		98.1173		48.52658		48.51		52.97003
348		3.785683		3.78675		40.13132		11.93		11.92062		55.36824		23.06416		23.02226		79.54979		53.98093		54		11.92062		40.04027		40		23.03593		98.21182		98.52564		55.07056		52.89441		52.74216		60.60817		35.29609		35.3		98.21212		48.5154		48.51		52.85826
351		3.787488		3.78675		40.2217		11.94771		11.98184		55.39561		23.02513		23.01372		79.57353		54.00221		54		11.98184		40.03336		40		23.03183		98.24518		98.3472		55.01761		52.90241		52.82729		60.60817		35.30646		35.3		98.36182		48.50452		48.51		52.74955
354		3.78544		3.78675		40.11918		11.8389		11.8198		55.31979		23.05055		23.02461		79.55546		53.94598		54		11.8198		40.01623		40		23.02159		98.32284		98.09298		54.93464		52.93327		52.91451		60.60817		35.31307		35.3		98.45663		48.49006		48.51		52.60482
357		3.785935		3.78675		40.14381		11.87082		12.07763		55.5594		23.01208		23.02048		79.58827		54.03551		54		12.07763		39.98568		40		23.0033		98.26333		98.28009		54.9963		52.92923		52.88857		60.60817		35.30466		35.3		98.33523		48.50982		48.51		52.80237
360		3.787259		3.78675		40.20984		11.91405		11.90077		55.34178		23.03259		23.01477		79.56051		53.97413		54		11.90077		40.05808		40		23.04679		98.1996		98.26236		55.0078		52.99435		52.90164		60.60817		35.28688		35.3		98.07722		48.51189		48.51		52.82303
363		3.786588		3.78675		40.17614		11.985		11.88768		55.25713		22.99988		23.03739		79.61209		53.9696		54		11.88768		40.04347		40		23.03806		98.37249		98.28896		54.97122		52.9268		52.61891		60.60817		35.29404		35.3		98.17977		48.49613		48.51		52.66534
366		3.788202		3.78675		40.25695		11.90047		12.01557		55.44594		23.00301		23.03139		79.61138		54.01407		54		12.01557		40.03068		40		23.03044		98.36117		98.2288		54.95901		52.95103		52.73441		60.60817		35.30205		35.3		98.29371		48.51035		48.51		52.80748
369		3.785692		3.78675		40.13157		11.93406		11.86912		55.25969		23.06459		23.0517		79.57849		53.96328		54		11.86912		40.02951		40		23.02981		98.22942		98.37372		55.02818		52.99876		52.82865		60.60817		35.31323		35.3		98.45443		48.51786		48.51		52.88261
372		3.785309		3.78675		40.11231		12.04591		12.08191		55.36593		23.0567		23.04159		79.57455		54.03718		54		12.08191		40.07109		40		23.0548		98.30573		98.15953		54.95556		53.02911		52.78961		60.60817		35.31969		35.3		98.54608		48.51064		48.51		52.8103
375		3.786643		3.78675		40.1783		11.93588		11.71017		55.13752		23.01027		23.01819		79.59652		53.90805		54		11.71017		40.0224		40		23.02564		98.28819		98.05453		54.93369		53.04529		52.78172		60.60817		35.30221		35.3		98.29298		48.50815		48.51		52.78535
378		3.786619		3.78675		40.1768		12.01786		11.90661		55.23585		23.08375		23.02989		79.5453		53.97629		54		11.90661		40.04392		40		23.03862		98.11159		98.09712		54.98849		53.0467		52.75259		60.60817		35.31368		35.3		98.45757		48.49957		48.51		52.69951
381		3.785043		3.78675		40.09777		11.92907		12.03414		55.44846		22.98486		23.05502		79.66344		54.0206		54		12.03414		40.09078		40		23.06679		98.39899		98.03399		54.90085		53.05577		52.87819		60.60817		35.28828		35.3		98.09085		48.48727		48.51		52.57634
384		3.784915		3.78675		40.09083		12.13528		11.9018		55.13516		23.02908		23.02698		79.59307		53.97462		54		11.9018		40.04152		40		23.03726		98.06109		98.58225		55.12239		53.08558		52.78097		60.60817		35.30411		35.3		98.31924		48.49462		48.51		52.64973
387		3.786268		3.78675		40.15834		11.91426		12.07272		55.49449		23.06545		23.0416		79.57087		54.03402		54		12.07272		40.0767		40		23.05844		98.23239		98.18681		54.98071		53.07729		52.76314		60.60817		35.29278		35.3		98.15513		48.49736		48.51		52.67706
390		3.786027		3.78675		40.14605		11.78824		12.16863		55.70047		23.06312		23.04039		79.57757		54.06733		54		12.16863		40.03997		40		23.03649		98.48595		98.21007		54.92313		53.10172		52.84509		60.60817		35.29835		35.3		98.23424		48.49395		48.51		52.6429
393		3.785343		3.78675		40.11108		11.85889		11.7735		55.21314		23.08362		23.05541		79.57938		53.93024		54		11.7735		40.0012		40		23.0133		98.17984		98.03675		54.95633		53.14958		52.66119		60.60817		35.29846		35.3		98.23425		48.50579		48.51		52.7611
396		3.785444		3.78675		40.11518		11.92804		12.12072		55.48275		23.03576		23.06273		79.63111		54.05083		54		12.12072		40.07242		40		23.05613		98.3453		98.18141		54.95113		53.11972		52.75057		60.60817		35.31597		35.3		98.48568		48.49538		48.51		52.6569
399		3.785814		3.78675		40.13334		12.00629		11.90205		55.18593		23.01357		23.09934		79.69174		53.97497		54		11.90205		40.02102		40		23.02539		98.25026		98.31227		55.00761		53.08455		52.74524		60.60817		35.2804		35.3		97.97067		48.5082		48.51		52.78495
402		3.78546		3.78675		40.11491		11.89415		12.00792		55.40152		22.99701		23.05575		79.67303		54.01177		54		12.00792		40.09451		40		23.06957		98.26934		98.14685		54.96148		53.11319		52.88231		60.60817		35.30312		35.3		98.29689		48.49338		48.51		52.63655
405		3.785945		3.78675		40.13888		12.05908		11.96467		55.20128		23.06652		23.04825		79.6093		53.9968		54		11.96467		40.04555		40		23.04028		98.14981		98.10991		54.98212		53.18653		52.77939		60.60817		35.28022		35.3		97.96427		48.50533		48.51		52.75589
408		3.787937		3.78675		40.23779		11.95132		11.80185		55.10546		23.0638		23.07345		79.64329		53.94039		54		11.80185		40.14187		40		23.09819		98.20851		98.02447		54.94609		53.15551		52.61211		60.60817		35.30429		35.3		98.30846		48.49432		48.51		52.64564
411		3.784119		3.78675		40.04623		11.89537		11.70576		55.02712		23.06618		23.05122		79.62236		53.90713		54		11.70576		40.07966		40		23.06097		98.25905		98.39518		55.02613		53.17644		52.89859		60.60817		35.2926		35.3		98.13886		48.49714		48.51		52.67366
414		3.787624		3.78675		40.22115		11.83557		11.76518		55.10405		23.06749		23.05112		79.62142		53.92793		54		11.76518		40.06584		40		23.05278		98.42008		98.10116		54.91237		53.20196		52.52548		60.60817		35.29831		35.3		98.2197		48.49529		48.51		52.65496
417		3.784785		3.78675		40.07816		11.89471		11.82286		55.10937		23.06593		23.04557		79.622		53.94807		54		11.82286		40.04692		40		23.04154		98.26107		98.03378		54.93527		53.25211		52.79407		60.60817		35.30123		35.3		98.2589		48.51064		48.51		52.80834
420		3.78556		3.78675		40.11627		11.79327		11.93896		55.33205		23.02101		23.06203		79.68951		53.98845		54		11.93896		40.03771		40		23.03613		98.27526		98.21863		54.97794		53.22214		52.60843		60.60817		35.28507		35.3		98.02326		48.50459		48.51		52.74777
423		3.78447		3.78675		40.06088		11.97498		11.89265		55.14975		23.05731		23.04398		79.64452		53.97239		54		11.89265		40.07096		40		23.05619		98.25886		98.16119		54.96768		53.20845		52.81335		60.60817		35.28624		35.3		98.03591		48.4949		48.51		52.65069
426		3.784323		3.78675		40.05272		12.0118		11.81127		55.0345		23.02024		23.03185		79.67288		53.94417		54		11.81127		40.06872		40		23.05495		98.14863		97.85092		54.91766		53.24757		52.58253		60.60817		35.28124		35.3		97.96041		48.47813		48.51		52.48267
429		3.784571		3.78675		40.06403		11.99482		11.92671		55.15916		22.99137		23.04427		79.71865		53.98435		54		11.92671		40.08632		40		23.06564		98.28621		97.90417		54.89658		53.1824		52.67529		60.60817		35.28414		35.3		97.99946		48.49242		48.51		52.62531
432		3.785245		3.78675		40.09698		11.96796		11.82594		55.07207		23.04792		23.10802		79.73042		53.94947		54		11.82594		40.11227		40		23.08135		98.18509		97.91463		54.92447		53.2737		52.68075		60.60817		35.30912		35.3		98.35632		48.48794		48.51		52.58029
435		3.785605		3.78675		40.11408		11.77996		11.83899		55.2275		23.10879		23.0469		79.6275		53.95416		54		11.83899		40.0664		40		23.05396		98.3842		97.94904		54.88329		53.26803		52.6675		60.60817		35.28289		35.3		97.97365		48.49934		48.51		52.69398
438		3.785409		3.78675		40.10312		12.01306		11.91763		55.10035		23.06491		23.0725		79.69788		53.98153		54		11.91763		40.15388		40		23.1066		98.25349		97.72868		54.86088		53.27692		52.65476		60.60817		35.27417		35.3		97.84322		48.48199		48.51		52.5201
441		3.783547		3.78675		40.00879		11.9292		11.73258		54.99586		23.13272		23.08264		79.65692		53.91733		54		11.73258		40.10493		40		23.07739		98.22316		98.22642		54.99289		53.29804		52.65115		60.60817		35.30446		35.3		98.27638		48.49525		48.51		52.65253
444		3.785663		3.78675		40.11368		11.89063		11.79416		55.10352		23.05806		23.06168		79.71533		53.9388		54		11.79416		40.11894		40		23.08596		98.2554		97.80925		54.88054		53.31192		52.74478		60.60817		35.28498		35.3		97.99128		48.49532		48.51		52.65305
447		3.784101		3.78675		40.03416		11.89717		11.90198		55.19396		23.07184		23.10118		79.74765		53.97636		54		11.90198		40.08486		40		23.06568		98.26149		97.59177		54.82465		53.30489		52.65186		60.60817		35.29677		35.3		98.15634		48.50797		48.51		52.77913
450		3.78548		3.78675		40.10197		11.8052		11.61967		54.96047		23.03823		23.1023		79.7927		53.8785		54		11.61967		40.15043		40		23.10519		98.37049		97.71592		54.82843		53.31574		52.69554		61.60817		35.29423		35.3		98.11353		48.48624		48.51		52.56153
453		3.786432		3.78675		40.1486		11.85057		12.00237		55.28639		23.08934		23.09273		79.7483		54.0115		54		12.00237		40.11026		40		23.08126		98.36234		98.0676		54.91839		53.30947		52.58792		61.60817		35.28895		35.3		98.03375		48.48164		48.51		52.51514
456		3.785229		3.78675		40.08731		11.79821		11.85029		55.1911		23.07036		23.10681		79.79235		53.95881		54		11.85029		40.13561		40		23.09667		98.3612		98.05836		54.91636		53.23505		52.64146		61.60817		35.28354		35.3		97.95092		48.48894		48.51		52.58773
459		3.785452		3.78675		40.0972		11.83964		11.77149		55.06571		23.06544		23.08352		79.77994		53.93157		54		11.77149		40.13807		40		23.09835		98.31993		97.9207		54.89226		53.23746		52.39315		61.60817		35.28367		35.3		97.94834		48.49795		48.51		52.67742
462		3.78736		3.78675		40.19136		11.7901		11.87748		55.20743		23.07868		23.10363		79.79334		53.96852		54		11.87748		40.16122		40		23.11244		98.32975		98.22274		54.96531		53.22955		52.56849		61.60817		35.2919		35.3		98.06309		48.50377		48.51		52.73526
465		3.78498		3.78675		40.07129		11.91414		11.73452		54.9206		23.06941		23.11844		79.82791		53.9191		54		11.73452		40.08708		40		23.06818		98.22495		97.80673		54.88751		53.267		52.66963		61.60817		35.28336		35.3		97.93572		48.50116		48.51		52.7088
468		3.786211		3.78675		40.13136		11.93619		11.65398		54.80114		23.08893		23.09746		79.80173		53.89129		54		11.65398		40.09726		40		23.0745		98.12298		97.89546		54.93518		53.1789		52.64026		61.60817		35.29898		35.3		98.15571		48.5015		48.51		52.71177
471		3.783701		3.78675		40.00431		11.83724		11.83499		55.04068		23.06516		23.1046		79.83367		53.95434		54		11.83499		40.15067		40		23.10676		98.47414		97.87102		54.84127		53.24332		52.66627		61.60817		35.27946		35.3		97.86906		48.48214		48.51		52.51772
474		3.78464		3.78675		40.04945		11.78564		11.768		54.97607		23.07307		23.10758		79.84327		53.93132		54		11.768		40.13158		40		23.09552		98.29899		97.93555		54.90119		53.18812		52.4986		61.60817		35.27733		35.3		97.8326		48.50627		48.51		52.75869
477		3.786685		3.78675		40.15008		11.69249		11.69652		54.96991		23.09761		23.12877		79.85358		53.90675		54		11.69652		40.17925		40		23.12437		98.35218		98.03806		54.91352		53.22778		52.6155		61.60817		35.27735		35.3		97.82744		48.49417		48.51		52.63728
480		3.783903		3.78675		40.00957		11.70317		11.67507		54.90774		23.09788		23.11477		79.84484		53.89952		54		11.67507		40.14434		40		23.10365		98.45061		97.65404		54.7929		53.23877		52.52807		61.60817		35.29061		35.3		98.01118		48.50395		48.51		52.73459
483		3.785074		3.78675		40.06634		11.85017		11.98306		55.0747		23.06474		23.11844		79.88732		54.00664		54		11.98306		40.16654		40		23.1172		98.30154		97.77151		54.85953		53.20086		52.5328		61.60817		35.27943		35.3		97.84244		48.474		48.51		52.43462
486		3.786436		3.78675		40.13287		11.75438		11.74641		54.92884		23.10058		23.11219		79.85308		53.92469		54		11.74641		40.13783		40		23.10022		98.35246		97.9259		54.8854		53.19502		52.60578		61.60817		35.28025		35.3		97.84884		48.4864		48.51		52.55814
489		3.785526		3.78675		40.08556		11.69849		11.76691		54.97249		23.14128		23.08979		79.80441		53.93205		54		11.76691		40.20079		40		23.13824		98.35774		97.65999		54.8176		53.19443		52.54191		61.60817		35.27181		35.3		97.72179		48.50168		48.51		52.71059
492		3.783995		3.78675		40.00737		11.79977		11.79665		54.89926		23.06285		23.1164		79.90903		53.94262		54		11.79665		40.16454		40		23.11675		98.45476		97.84312		54.83912		53.17868		52.55176		61.60817		35.25606		35.3		97.4873		48.47881		48.51		52.48141
495		3.784423		3.78675		40.02728		11.76608		11.65266		54.75761		23.09954		23.12708		79.8904		53.89294		54		11.65266		40.15192		40		23.10944		98.2312		97.697		54.85847		53.23471		52.50858		61.60817		35.26297		35.3		97.58		48.48195		48.51		52.51239
498		3.784617		3.78675		40.0357		11.79166		11.81322		54.86966		23.10173		23.12325		79.88832		53.94893		54		11.81322		40.20965		40		23.14433		98.34845		97.57275		54.7981		53.16488		52.55368		61.60817		35.2519		35.3		97.41162		48.49702		48.51		52.6626
501		3.786586		3.78675		40.1323		11.69315		11.77088		54.88999		23.12147		23.12366		79.88064		53.93448		54		11.77088		40.17275		40		23.12247		98.32671		97.71159		54.83824		53.19522		52.38892		61.60817		35.25281		35.3		97.41616		48.50332		48.51		52.72517
504		3.784246		3.78675		40.01341		11.61908		11.62817		54.81668		23.09971		23.13225		79.91472		53.88523		54		11.62817		40.20753		40		23.14362		98.35897		97.64036		54.81236		53.17798		52.5454		61.60817		35.2691		35.3		97.643		48.49424		48.51		52.63394
507		3.782256		3.78675		39.91178		11.60678		11.55551		54.73084		23.08224		23.10164		79.90978		53.86029		54		11.55551		40.22408		40		23.15384		98.36591		97.57162		54.79343		53.20348		52.57972		61.60817		35.26893		35.3		97.63338		48.48853		48.51		52.57631
510		3.785392		3.78675		40.06691		11.56529		11.63182		54.83487		23.15643		23.11135		79.8594		53.88708		54		11.63182		40.23145		40		23.15852		98.37361		97.72077		54.82879		53.21534		52.49137		61.60817		35.27712		35.3		97.74423		48.47738		48.51		52.46432
513		3.785098		3.78675		40.05089		11.65115		11.73704		54.82447		23.15801		23.11398		79.87101		53.92395		54		11.73704		40.15883		40		23.11525		98.59141		97.48367		54.71506		53.18052		52.4492		61.60817		35.29426		35.3		97.98443		48.48649		48.51		52.55486
516		3.78489		3.78675		40.03895		11.63612		11.64367		54.71749		23.17528		23.12919		79.87746		53.89191		54		11.64367		40.18551		40		23.13156		98.40491		97.46473		54.75695		53.16556		52.72632		61.60817		35.27768		35.3		97.7384		48.49197		48.51		52.60921
519		3.783876		3.78675		39.98678		11.71309		11.63252		54.60104		23.14672		23.15908		79.93871		53.88839		54		11.63252		40.16766		40		23.12114		98.35351		97.73715		54.83789		53.14035		52.49378		61.60817		35.28318		35.3		97.81006		48.47564		48.51		52.44538
522		3.785869		3.78675		40.08494		11.63871		11.53696		54.56138		23.15139		23.12476		79.90814		53.85553		54		11.53696		40.21264		40		23.14843		98.36702		97.76405		54.84124		53.14098		52.43483		61.60817		35.27879		35.3		97.73886		48.49281		48.51		52.61646
525		3.784353		3.78675		40.00743		11.68013		11.69707		54.64702		23.16822		23.13489		79.89848		53.91149		54		11.69707		40.26212		40		23.17844		98.38895		97.5912		54.79253		53.17003		52.58339		61.60817		35.28013		35.3		97.75092		48.48293		48.51		52.51713
528		3.784904		3.78675		40.03346		11.61658		11.66856		54.67015		23.15096		23.10977		79.89827		53.90193		54		11.66856		40.23501		40		23.16249		98.35089		97.66625		54.82081		53.18844		52.64661		61.60817		35.26872		35.3		97.57887		48.48476		48.51		52.53502
531		3.786736		3.78675		40.12368		11.47549		11.61653		54.75228		23.09976		23.14836		79.98778		53.88426		54		11.61653		40.22688		40		23.15795		98.60076		97.73037		54.77437		53.14813		52.39267		61.60817		35.26785		35.3		97.5583		48.47716		48.51		52.45835
534		3.785224		3.78675		40.0469		11.66688		11.6419		54.57495		23.21474		23.17534		79.91677		53.89343		54		11.6419		40.20751		40		23.14665		98.38934		97.6683		54.8117		53.15198		52.39577		61.60817		35.27747		35.3		97.6896		48.48427		48.51		52.52896
537		3.785284		3.78675		40.0487		11.68087		11.76171		54.65675		23.18151		23.14933		79.92558		53.9354		54		11.76171		40.23619		40		23.1642		98.50837		97.63459		54.77351		53.17397		52.38315		61.60817		35.26559		35.3		97.51047		48.47732		48.51		52.45888
540		3.786213		3.78675		40.0938		11.55476		11.35938		54.33611		23.11588		23.1502		79.98684		53.79614		54		11.35938		40.21713		40		23.15308		98.30227		97.48249		54.787		53.11239		52.42978		61.60817		35.2719		35.3		97.59228		48.47922		48.51		52.47731
543		3.784105		3.78675		39.98668		11.54966		11.56223		54.52769		23.14723		23.1709		79.99222		53.867		54		11.56223		40.17734		40		23.12955		98.47247		97.78648		54.82044		53.14556		52.63979		61.60817		35.28844		35.3		97.82241		48.49756		48.51		52.66023
546		3.784768		3.78675		40.01804		11.54773		11.60176		54.55325		23.15538		23.15022		79.97069		53.88114		54		11.60176		40.21879		40		23.15477		98.52502		97.52405		54.74169		53.16841		52.55578		61.60817		35.28394		35.3		97.74988		48.47983		48.51		52.48232
549		3.782777		3.78675		39.9168		11.683		11.61257		54.39324		23.14573		23.17028		80.00002		53.88534		54		11.61257		40.23764		40		23.16643		98.25573		97.42486		54.78421		53.1229		52.38763		61.60817		35.25965		35.3		97.39134		48.48319		48.51		52.51533
552		3.785487		3.78675		40.05087		11.64517		11.31958		54.07176		23.15827		23.16832		79.99488		53.78414		54		11.31958		40.25079		40		23.17469		98.50445		97.33602		54.69981		53.12474		52.48484		61.60817		35.28951		35.3		97.81435		48.49118		48.51		52.5948
555		3.784986		3.78675		40.02435		11.63908		11.57363		54.31386		23.16933		23.17559		79.99334		53.87281		54		11.57363		40.26779		40		23.18525		98.29695		97.54371		54.8036		53.15397		52.4217		61.60817		35.28012		35.3		97.67261		48.48007		48.51		52.48315
558		3.785343		3.78675		40.04086		11.43992		11.34981		54.25885		23.14809		23.18621		80.02798		53.79559		54		11.34981		40.33933		40		23.22856		98.6353		97.64725		54.74489		53.15807		52.56831		61.60817		35.2748		35.3		97.58818		48.4887		48.51		52.56882
561		3.785478		3.78675		40.04623		11.58668		11.46518		54.23016		23.2181		23.20112		79.98005		53.83612		54		11.46518		40.23914		40		23.16881		98.30106		97.68732		54.83846		53.11226		52.33469		61.60817		35.26603		35.3		97.45432		48.46638		48.51		52.34496
564		3.783401		3.78675		39.94071		11.59166		11.57073		54.29915		23.1514		23.17596		80.01813		53.87323		54		11.57073		40.26877		40		23.18695		98.38515		97.55737		54.78495		53.14052		52.53705		61.60817		35.27249		35.3		97.54035		48.49076		48.51		52.5883
567		3.786282		3.78675		40.08341		11.47519		11.50142		54.34574		23.10905		23.16711		80.0506		53.84963		54		11.50142		40.26947		40		23.18774		98.51481		97.69678		54.78738		53.12221		52.56368		61.60817		35.26423		35.3		97.41507		48.4588		48.51		52.26795
570		3.786621		3.78675		40.09914		11.55312		11.17687		53.89975		23.14926		23.16278		80.01199		53.73747		54		11.17687		40.27401		40		23.19084		98.49304		97.40983		54.72107		53.12369		52.51021		61.60817		35.27674		35.3		97.58739		48.49237		48.51		52.60312
573		3.783368		3.78675		39.93503		11.29876		11.59086		54.49906		23.15069		23.15213		80.01145		53.88183		54		11.59086		40.26326		40		23.18479		98.56204		97.07027		54.61893		53.14731		52.43965		61.60817		35.27876		35.3		97.60723		48.49975		48.51		52.67622
576		3.784909		3.78675		40.01032		11.4416		11.40822		54.16906		23.131		23.17521		80.06076		53.81895		54		11.40822		40.25932		40		23.18282		98.53694		97.51936		54.73747		53.15875		52.63022		61.60817		35.27053		35.3		97.48071		48.48703		48.51		52.54846
579		3.784731		3.78675		39.99984		11.47879		11.41085		54.10893		23.16665		23.18977		80.05352		53.82042		54		11.41085		40.32084		40		23.22014		98.48247		97.35885		54.71095		53.12942		52.51336		61.60817		35.29075		35.3		97.76319		48.49743		48.51		52.652
582		3.786537		3.78675		40.08874		11.47799		11.41497		54.08626		23.16709		23.17889		80.04766		53.82235		54		11.41497		40.27657		40		23.19399		98.57408		97.51597		54.72732		53.02454		52.44342		61.60817		35.28487		35.3		97.67197		48.48966		48.51		52.5737
585		3.786007		3.78675		40.06087		11.46604		11.49897		54.15403		23.15465		23.1858		80.06238		53.8521		54		11.49897		40.327		40		23.22465		98.42868		97.40148		54.73504		53.08454		52.40505		61.60817		35.28526		35.3		97.6697		48.48829		48.51		52.55952
588		3.786538		3.78675		40.08605		11.58218		11.29412		53.83886		23.23463		23.16492		79.97436		53.78147		54		11.29412		40.29911		40		23.20832		98.37249		97.59795		54.7982		53.15147		52.40917		61.60817		35.2523		35.3		97.18673		48.48502		48.51		52.52632
591		3.784197		3.78675		39.9676		11.45688		11.52296		54.18294		23.1701		23.17143		80.03936		53.86149		54		11.52296		40.27719		40		23.19557		98.54281		97.505		54.73237		53.11019		52.39648		61.60817		35.27876		35.3		97.56001		48.47915		48.51		52.46692
594		3.783077		3.78675		39.91034		11.35615		11.5129		54.24009		23.14523		23.20991		80.10291		53.85859		54		11.5129		40.25107		40		23.18033		98.57186		97.48471		54.72003		53.17163		52.55984		61.60817		35.28272		35.3		97.60913		48.47521		48.51		52.42687
597		3.785656		3.78675		40.03808		11.35009		11.45743		54.15416		23.22745		23.22714		80.05412		53.83995		54		11.45743		40.2735		40		23.19424		98.59627		97.7945		54.79136		53.04591		52.38629		61.60817		35.25891		35.3		97.25939		48.48107		48.51		52.48489
600		3.784516		3.78675		39.98024		11.36924		11.30066		53.96782		23.21761		23.20228		80.04669		53.78613		54		11.30066		40.31441		40		23.2192		98.51955		97.15197		54.6499		53.08447		52.39862		61.60817		35.26371		35.3		97.32063		48.49568		48.51		52.63045
603		3.784425		3.78675		39.97429		11.32401		11.06079		53.73909		23.21232		23.21582		80.07409		53.7035		54		11.06079		40.33174		40		23.23005		98.69017		97.40801		54.67125		53.14416		52.40614		61.60817		35.27286		35.3		97.44478		48.45349		48.51		52.20789
606		3.785796		3.78675		40.04162		11.4201		11.30937		53.88214		23.22882		23.16507		80.01929		53.79044		54		11.30937		40.38834		40		23.26446		98.40608		97.64395		54.80125		53.08253		52.4332		61.60817		35.2706		35.3		97.40424		48.50305		48.51		52.70301
609		3.784893		3.78675		39.99507		11.26923		11.36303		54.03982		23.21828		23.19508		80.05369		53.8097		54		11.36303		40.3325		40		23.2314		98.58787		97.50755		54.72169		53.09487		52.52392		61.60817		35.27294		35.3		97.43015		48.47813		48.51		52.45325
612		3.786839		3.78675		40.09162		11.23361		11.26713		53.91421		23.22279		23.23045		80.08225		53.77713		54		11.26713		40.32394		40		23.22671		98.64003		97.48323		54.70256		53.07699		52.63369		61.60817		35.28001		35.3		97.52465		48.47243		48.51		52.39565
615		3.786007		3.78675		40.04901		11.23668		11.143		53.76767		23.20697		23.22768		80.09124		53.7347		54		11.143		40.30491		40		23.21573		98.62234		97.58869		54.73334		53.14705		52.46224		61.60817		35.2786		35.3		97.49688		48.49064		48.51		52.57725
618		3.785396		3.78675		40.01736		11.3153		11.28791		53.8013		23.24074		23.21525		80.05488		53.7857		54		11.28791		40.27671		40		23.19925		98.56455		97.28943		54.67297		53.13056		52.64534		61.60817		35.27724		35.3		97.47105		48.48773		48.51		52.54772
621		3.786071		3.78675		40.05026		11.26859		11.29931		53.83686		23.22904		23.259		80.11694		53.79031		54		11.29931		40.26957		40		23.19543		98.62314		97.31162		54.66386		53.08643		52.51825		61.60817		35.26947		35.3		97.3502		48.48573		48.51		52.52707
624		3.786347		3.78675		40.06313		11.2147		11.43522		54.00024		23.21283		23.217		80.09598		53.83822		54		11.43522		40.32961		40		23.23191		98.75706		97.62087		54.70768		53.06218		52.4093		61.60817		35.26429		35.3		97.26772		48.47852		48.51		52.45449
627		3.787006		3.78675		40.09512		11.32017		11.38395		53.81862		23.23883		23.24929		80.10813		53.82109		54		11.38395		40.35174		40		23.24567		98.52202		97.38509		54.70749		53.13798		52.44091		61.60817		35.27514		35.3		97.41622		48.48095		48.51		52.47828
630		3.785588		3.78675		40.02344		11.25281		11.31229		53.79256		23.29695		23.2634		80.06605		53.79693		54		11.31229		40.32368		40		23.22932		98.62708		97.40164		54.68535		53.13618		52.44637		61.60817		35.26467		35.3		97.25822		48.47784		48.51		52.44651
633		3.785388		3.78675		40.01217		11.18719		11.33499		53.85131		23.14635		23.19867		80.15261		53.80556		54		11.33499		40.33635		40		23.2374		98.6903		97.25653		54.63326		53.08211		52.57725		61.60817		35.25635		35.3		97.12995		48.46455		48.51		52.31311
636		3.786739		3.78675		40.07855		11.20222		11.35229		53.83652		23.25414		23.24208		80.09821		53.8123		54		11.35229		40.26253		40		23.19359		98.6744		97.33235		54.65618		53.1058		52.66454		61.60817		35.26418		35.3		97.23504		48.47848		48.51		52.4519
639		3.787607		3.78675		40.12096		11.24762		11.33873		53.7817		23.2305		23.23311		80.11729		53.80829		54		11.33873		40.30628		40		23.22033		98.69844		97.46592		54.68355		53.09966		52.29466		61.60817		35.25883		35.3		97.15022		48.47653		48.51		52.43172
642		3.784038		3.78675		39.94183		11.23846		11.27742		53.70245		23.21834		23.22646		80.12586		53.78774		54		11.27742		40.33568		40		23.23846		98.61797		97.25273		54.65036		53.08082		52.52095		61.60817		35.28077		35.3		97.45845		48.46808		48.51		52.34669
645		3.78673		3.78675		40.07544		11.13296		11.15195		53.6131		23.19343		23.2491		80.17557		53.745		54		11.15195		40.34411		40		23.24402		98.7057		97.45847		54.67986		53.07974		52.58531		61.60817		35.28156		35.3		97.46275		48.47723		48.51		52.43756
648		3.786445		3.78675		40.06014		11.16225		11.28186		53.69752		23.24558		23.24274		80.13064		53.79087		54		11.28186		40.31545		40		23.22734		98.70109		97.3175		54.64575		53.12189		52.57327		61.60817		35.29334		35.3		97.62453		48.49153		48.51		52.57998
651		3.785584		3.78675		40.01628		11.14203		11.03512		53.43669		23.24389		23.23868		80.12569		53.70597		54		11.03512		40.39667		40		23.27659		98.7318		97.38118		54.65399		53.1346		52.33538		61.60817		35.27308		35.3		97.32421		48.46408		48.51		52.30481
654		3.785928		3.78675		40.03244		11.22094		11.15897		53.4429		23.26765		23.22807		80.0949		53.7498		54		11.15897		40.38569		40		23.27052		98.591		96.99927		54.5937		53.09513		52.59773		61.60817		35.25404		35.3		97.04062		48.48912		48.51		52.55465
657		3.786064		3.78675		40.0386		11.15208		11.12299		53.44427		23.23754		23.26949		80.16518		53.73815		54		11.12299		40.32419		40		23.23415		98.7796		97.16635		54.58831		53.0735		52.3596		61.60817		35.26567		35.3		97.20081		48.48756		48.51		52.53837
660		3.786298		3.78675		40.04991		11.11037		10.99722		53.33646		23.22432		23.28544		80.20479		53.69528		54		10.99722		40.34893		40		23.24953		98.70328		97.41386		54.66926		53.05141		52.5951		61.60817		35.263		35.3		97.15509		48.4785		48.51		52.44722
663		3.785459		3.78675		40.00761		11.11413		11.00781		53.31979		23.22282		23.25209		80.17837		53.69982		54		11.00781		40.3567		40		23.25471		98.57546		97.38688		54.69445		53.08696		52.35648		61.60817		35.28168		35.3		97.41546		48.47568		48.51		52.41844
666		3.786384		3.78675		40.05281		11.13083		11.10381		53.34652		23.28047		23.29074		80.16884		53.73403		54		11.10381		40.33037		40		23.23946		98.90126		97.25946		54.58114		53.03025		52.41161		61.60817		35.25479		35.3		97.02042		48.48577		48.51		52.51876
669		3.786049		3.78675		40.0353		11.131		11.11408		53.34437		23.22569		23.25576		80.19597		53.73842		54		11.11408		40.37259		40		23.26533		98.72457		97.17674		54.60462		53.06413		52.39031		61.60817		35.27475		35.3		97.30034		48.47326		48.51		52.39303
672		3.78554		3.78675		40.00918		11.13204		11.07085		53.27414		23.27115		23.29758		80.2005		53.72427		54		11.07085		40.38766		40		23.27494		98.75947		97.31609		54.63072		53.10986		52.50426		61.60817		35.26975		35.3		97.22046		48.48583		48.51		52.51813
675		3.787002		3.78675		40.08136		11.0325		11.14195		53.44792		23.24963		23.26427		80.19276		53.74974		54		11.14195		40.39136		40		23.27771		98.69226		97.3517		54.65642		53.06664		52.40988		61.60817		35.27447		35.3		97.28088		48.47904		48.51		52.44961
678		3.787442		3.78675		40.10316		11.01611		10.97152		53.28958		23.29011		23.24518		80.13401		53.69141		54		10.97152		40.37043		40		23.2657		98.82125		97.20512		54.58751		53.04621		52.34743		61.60817		35.27133		35.3		97.22793		48.48204		48.51		52.47896
681		3.786621		3.78675		40.06141		10.9803		11.00606		53.30419		23.26315		23.29577		80.21109		53.70428		54		11.00606		40.38596		40		23.27558		98.77692		97.30411		54.62333		53.05714		52.43614		61.60817		35.27581		35.3		97.28517		48.49131		48.51		52.57109
684		3.785496		3.78675		40.0045		11.02089		11.13601		53.36837		23.28814		23.26654		80.17034		53.75027		54		11.13601		40.38037		40		23.27279		98.82203		97.14704		54.57278		53.08678		52.28854		61.60817		35.26462		35.3		97.11531		48.4745		48.51		52.40224
687		3.785454		3.78675		40.00167		10.92189		11.00697		53.31716		23.23815		23.27199		80.22716		53.70635		54		11.00697		40.41601		40		23.29476		98.75742		97.09283		54.57536		53.04004		52.36767		61.60817		35.27438		35.3		97.24678		48.47655		48.51		52.42213
690		3.787267		3.78675		40.09172		11.04164		10.99718		53.18048		23.27143		23.31995		80.24165		53.70383		54		10.99718		40.40817		40		23.29064		98.87791		97.01664		54.52618		52.99975		52.40515		61.60817		35.27737		35.3		97.28132		48.47682		48.51		52.42429
693		3.787826		3.78675		40.11941		11.10102		10.77464		52.90072		23.24688		23.29833		80.25324		53.62741		54		10.77464		40.38053		40		23.27466		98.72337		97.24893		54.62287		52.98893		52.48874		61.60817		35.24627		35.3		96.82415		48.4829		48.51		52.48439
696		3.785613		3.78675		40.00804		11.03328		10.8402		53.02958		23.29759		23.2781		80.19539		53.651		54		10.8402		40.39573		40		23.28437		98.68383		97.22103		54.62577		53.05469		52.34323		61.60817		35.27369		35.3		97.21158		48.47409		48.51		52.3956
699		3.787063		3.78675		40.07996		11.01711		11.04973		53.25084		23.28773		23.28073		80.21319		53.7246		54		11.04973		40.4579		40		23.32228		98.8077		97.41979		54.64449		53.06078		52.42701		61.60817		35.26979		35.3		97.14704		48.5012		48.51		52.66608
702		3.785844		3.78675		40.01848		10.99556		11.15549		53.34032		23.29043		23.3143		80.25096		53.76225		54		11.15549		40.43565		40		23.30955		98.81648		97.12596		54.56882		53.04579		52.28267		61.60817		35.27536		35.3		97.22004		48.47587		48.51		52.41198
705		3.7844		3.78675		39.94578		11.03743		10.81096		52.9205		23.31255		23.29361		80.21401		53.64356		54		10.81096		40.46882		40		23.33007		98.7451		97.26612		54.62169		53.00975		52.44526		61.60817		35.28016		35.3		97.28127		48.48358		48.51		52.48859
708		3.786821		3.78675		40.06595		10.92078		10.78462		52.96231		23.2813		23.29878		80.25504		53.63536		54		10.78462		40.42164		40		23.30239		98.87496		96.82111		54.47796		53.04444		52.50123		61.60817		35.26193		35.3		97.00938		48.47942		48.51		52.4462
711		3.786246		3.78675		40.0367		11.11368		11.05616		53.0172		23.29698		23.28939		80.23746		53.73055		54		11.05616		40.42491		40		23.30498		98.72749		97.18685		54.60625		53.04739		52.44139		61.60817		35.27248		35.3		97.15224		48.48982		48.51		52.54954
714		3.786613		3.78675		40.05448		10.98242		11.16519		53.27806		23.28533		23.32049		80.28874		53.76924		54		11.16519		40.41556		40		23.30001		98.89992		97.15133		54.55425		53.06056		52.39246		61.60817		35.28968		35.3		97.39268		48.47508		48.51		52.40141
717		3.785415		3.78675		39.99397		10.80849		10.90931		53.13509		23.28975		23.31325		80.28244		53.6814		54		10.90931		40.49692		40		23.34947		99.00523		96.89208		54.4631		53.03225		52.46395		61.60817		35.26469		35.3		97.02597		48.47754		48.51		52.42532
720		3.785306		3.78675		39.98808		10.91525		11.02996		53.13885		23.28114		23.31521		80.29916		53.72422		54		11.02996		40.45726		40		23.32634		98.9239		97.19073		54.55809		53.03761		52.41356		61.60817		35.25863		35.3		96.92924		48.4853		48.51		52.50234
723		3.785547		3.78675		39.99977		10.91894		11.11518		53.2234		23.32843		23.318		80.26104		53.75474		54		11.11518		40.43095		40		23.31118		98.78538		96.986		54.54152		53.07025		52.61691		61.60817		35.26449		35.3		97.00488		48.47601		48.51		52.40878
726		3.78563		3.78675		40.00348		10.8531		10.98997		53.15387		23.31264		23.31568		80.27244		53.71219		54		10.98997		40.39432		40		23.28987		98.79967		97.0812		54.56173		53.03169		52.47489		61.60817		35.27743		35.3		97.1824		48.46767		48.51		52.32478
729		3.785254		3.78675		39.9843		10.87906		10.83406		52.9666		23.28823		23.32883		80.31336		53.659		54		10.83406		40.46352		40		23.33206		98.70313		97.09473		54.58924		53.01753		52.48111		61.60817		35.28178		35.3		97.23606		48.46664		48.51		52.31379
732		3.786059		3.78675		40.02407		10.88116		11.06241		53.1773		23.26682		23.31143		80.32561		53.73922		54		11.06241		40.41829		40		23.30558		99.10061		96.91493		54.4449		53.06197		52.23685		61.60817		35.25442		35.3		96.83193		48.47713		48.51		52.418
735		3.786383		3.78675		40.0396		10.97598		10.76441		52.7509		23.2812		23.31625		80.33181		53.63673		54		10.76441		40.45003		40		23.3253		98.6694		96.98985		54.57142		53.04551		52.44186		61.60817		35.25734		35.3		96.86584		48.48439		48.51		52.48987
738		3.785822		3.78675		40.01097		10.86431		11.02615		53.11889		23.30213		23.32196		80.32546		53.72853		54		11.02615		40.45369		40		23.32818		98.79245		97.37446		54.6368		53.02534		52.47037		61.60817		35.2761		35.3		97.1266		48.483		48.51		52.47544
741		3.786476		3.78675		40.04318		10.87999		10.88686		52.95268		23.33179		23.3318		80.30977		53.68114		54		10.88686		40.46126		40		23.3334		98.85724		97.19156		54.57486		53.01664		52.55093		61.60817		35.2883		35.3		97.29259		48.47103		48.51		52.35492
744		3.786244		3.78675		40.03115		10.92326		10.78613		52.78647		23.29678		23.38192		80.39485		53.64714		54		10.78613		40.5012		40		23.35807		98.92622		97.02869		54.51689		52.98152		52.31595		61.60817		35.24567		35.3		96.67014		48.48413		48.51		52.48526
747		3.785992		3.78675		40.01794		10.87683		10.82997		52.80904		23.33348		23.35405		80.35062		53.66341		54		10.82997		40.50098		40		23.35867		98.8426		96.99408		54.52912		52.99527		52.37943		61.60817		35.26968		35.3		97.00686		48.47656		48.51		52.40887
750		3.784451		3.78675		39.94036		10.95465		10.57915		52.4558		23.36833		23.35076		80.32879		53.5773		54		10.57915		40.49777		40		23.35746		98.76554		96.6494		54.46221		53.02129		52.40742		61.60817		35.26179		35.3		96.88316		48.48246		48.51		52.46717
753		3.787495		3.78675		40.09241		10.7976		10.88911		52.87595		23.32264		23.33281		80.36179		53.68597		54		10.88911		40.48361		40		23.34968		98.89628		97.15037		54.55475		53.07973		52.37531		61.60817		35.25948		35.3		96.84188		48.47324		48.51		52.37421
756		3.787358		3.78675		40.08536		10.78188		10.91894		52.90211		23.36665		23.34764		80.34455		53.69735		54		10.91894		40.46574		40		23.33969		98.78425		97.17019		54.5877		53.07574		52.36141		61.60817		35.28195		35.3		97.15695		48.48447		48.51		52.48571
759		3.787917		3.78675		40.11281		10.85453		10.84031		52.74105		23.3179		23.35635		80.40055		53.67107		54		10.84031		40.48731		40		23.35335		98.77457		96.9109		54.52528		53.0222		52.30805		61.60817		35.26913		35.3		96.96346		48.4811		48.51		52.45135
762		3.785638		3.78675		39.99878		10.8375		10.83314		52.74463		23.31404		23.36354		80.41608		53.6696		54		10.83314		40.50454		40		23.36443		98.84404		97.08628		54.55175		53.04676		52.47247		61.60817		35.27727		35.3		97.07246		48.47562		48.51		52.39566
765		3.787047		3.78675		40.06898		10.92908		10.73823		52.59662		23.3399		23.36703		80.40921		53.63758		54		10.73823		40.49103		40		23.35708		98.7776		96.71841		54.47637		53.02128		52.24806		61.60817		35.27286		35.3		96.9999		48.48086		48.51		52.44736
768		3.787614		3.78675		40.09693		10.82553		10.9206		52.84757		23.39947		23.38257		80.37566		53.70189		54		10.9206		40.51341		40		23.37124		98.94183		97.04231		54.51628		53.00916		52.42014		61.60817		35.26437		35.3		96.86756		48.48859		48.51		52.52393
771		3.785164		3.78675		39.97382		10.89211		10.85147		52.69001		23.36628		23.36459		80.39568		53.67894		54		10.85147		40.54463		40		23.39075		98.91057		96.97329		54.50682		52.99837		52.43814		61.60817		35.26825		35.3		96.91415		48.46884		48.51		52.32566
774		3.786509		3.78675		40.04113		10.80734		10.88676		52.78878		23.34072		23.37064		80.42744		53.6922		54		10.88676		40.50015		40		23.36482		98.84229		96.71961		54.46046		53.00879		52.40713		61.60817		35.2568		35.3		96.73951		48.45551		48.51		52.19158
777		3.78556		3.78675		39.99366		10.84406		10.72083		52.53844		23.3585		23.36799		80.41112		53.63563		54		10.72083		40.45653		40		23.3394		98.7978		96.79108		54.48943		53.05061		52.36422		61.60817		35.2521		35.3		96.66267		48.46962		48.51		52.33189
780		3.785968		3.78675		40.01394		10.83513		10.68741		52.50085		23.35723		23.39198		80.43935		53.62507		54		10.68741		40.53741		40		23.3887		98.8273		97.11152		54.56215		53.00721		52.43076		61.60817		35.2747		35.3		96.97789		48.47183		48.51		52.35333
783		3.788393		3.78675		40.13498		10.77661		10.83086		52.68101		23.38313		23.39545		80.41522		53.6759		54		10.83086		40.51331		40		23.375		98.85826		96.76582		54.46797		52.99123		52.42347		61.60817		35.28737		35.3		97.15263		48.45831		48.51		52.21738
786		3.787289		3.78675		40.07986		10.82925		10.92528		52.7355		23.38729		23.39459		80.4195		53.70968		54		10.92528		40.57185		40		23.41091		98.81863		96.94567		54.52283		53.01078		52.31624		61.60817		35.27309		35.3		96.9386		48.47242		48.51		52.35767
789		3.786458		3.78675		40.03839		10.74002		10.70252		52.59359		23.37803		23.37089		80.41513		53.63336		54		10.70252		40.55061		40		23.39895		99.00045		96.83836		54.45053		52.9839		52.28529		61.60817		35.27595		35.3		96.97102		48.47348		48.51		52.36759
792		3.785676		3.78675		39.99893		10.84804		10.70944		52.52969		23.40794		23.3732		80.40184		53.63669		54		10.70944		40.51557		40		23.37872		98.87386		96.92091		54.5028		53.02671		52.4525		61.60817		35.27307		35.3		96.92089		48.4478		48.51		52.10992
795		3.787636		3.78675		40.09687		10.66553		10.77061		52.7412		23.35896		23.39707		80.47826		53.65896		54		10.77061		40.53244		40		23.38964		98.96464		97.19387		54.54833		53.00597		52.23537		61.60817		35.26737		35.3		96.82945		48.47525		48.51		52.38364
798		3.786337		3.78675		40.03155		10.85662		10.70137		52.48026		23.34667		23.38918		80.49058		53.63593		54		10.70137		40.51848		40		23.38207		98.87292		96.72872		54.45496		53.06459		52.3561		61.60817		35.27142		35.3		96.88053		48.46351		48.51		52.26541
801		3.787415		3.78675		40.0853		10.77492		10.83679		52.64737		23.32668		23.41528		80.54699		53.68404		54		10.83679		40.53101		40		23.39039		98.88048		96.98502		54.51713		53.04059		52.26704		61.60817		35.27517		35.3		96.92575		48.47116		48.51		52.34105
804		3.785622		3.78675		39.99556		10.79547		10.76781		52.53693		23.39427		23.4052		80.48204		53.66116		54		10.76781		40.53401		40		23.39301		98.83174		97.10625		54.55961		53.00052		52.37784		61.60817		35.27498		35.3		96.91558		48.4691		48.51		52.31969
807		3.785591		3.78675		39.99385		10.78415		10.48268		52.21574		23.39788		23.42124		80.50005		53.56326		54		10.48268		40.55348		40		23.40553		99.02969		96.83062		54.4412		53.03269		52.13999		61.60817		35.27788		35.3		96.94826		48.45226		48.51		52.15055
810		3.786591		3.78675		40.04301		10.63225		10.54952		52.42672		23.37497		23.43044		80.53725		53.58748		54		10.54952		40.56709		40		23.41454		98.905		96.79613		54.46373		53.00031		52.36317		61.60817		35.27334		35.3		96.87367		48.46582		48.51		52.28529
813		3.788067		3.78675		40.11679		10.6786		10.83477		52.67281		23.37849		23.41817		80.52766		53.68757		54		10.83477		40.57084		40		23.41763		98.81954		96.68456		54.45718		52.98938		52.22867		61.60817		35.26254		35.3		96.70887		48.4662		48.51		52.28829
816		3.787943		3.78675		40.11081		10.81585		11.00563		52.7016		23.38526		23.40362		80.51861		53.74794		54		11.00563		40.63063		40		23.45436		98.8442		96.6903		54.45244		53.02001		52.23653		61.60817		35.25603		35.3		96.60574		48.46517		48.51		52.27721
819		3.786506		3.78675		40.03872		10.76575		10.62298		52.3746		23.38201		23.44272		80.56608		53.61611		54		10.62298		40.56822		40		23.41779		98.84437		96.98994		54.52729		53.0203		52.37628		61.60817		35.26055		35.3		96.66172		48.46986		48.51		52.32326
822		3.786698		3.78675		40.04824		10.74594		10.40297		52.16536		23.39534		23.39257		80.51909		53.54077		54		10.40297		40.51268		40		23.38532		98.9183		96.47087		54.37903		52.97219		52.18509		61.60817		35.26644		35.3		96.73789		48.46809		48.51		52.30474
825		3.786675		3.78675		40.04696		10.7315		10.64695		52.38944		23.42196		23.46332		80.57152		53.62656		54		10.64695		40.55945		40		23.41428		98.79794		96.62697		54.44812		53.06035		52.18601		61.60817		35.26993		35.3		96.77815		48.4839		48.51		52.46206
828		3.785899		3.78675		40.00809		10.72071		10.79003		52.52716		23.44404		23.4129		80.51745		53.6773		54		10.79003		40.64006		40		23.46353		98.90768		96.78711		54.46071		52.99905		52.46814		61.60817		35.26342		35.3		96.67522		48.46671		48.51		52.28945
831		3.787203		3.78675		40.07325		10.53007		10.83621		52.76099		23.39027		23.41916		80.57481		53.69438		54		10.83621		40.6405		40		23.46467		99.10537		96.63622		54.37355		53.02801		52.17118		61.60817		35.27815		35.3		96.87814		48.47364		48.51		52.35795
834		3.785978		3.78675		40.01159		10.87574		10.89991		52.49162		23.47325		23.41564		80.50277		53.71753		54		10.89991		40.66624		40		23.48101		98.8357		96.47028		54.39946		53.02773		52.32001		61.60817		35.28035		35.3		96.90012		48.4933		48.51		52.55367
837		3.785625		3.78675		39.99389		10.64236		10.88237		52.67351		23.4081		23.42112		80.57736		53.71249		54		10.88237		40.60433		40		23.44476		99.00145		96.65859		54.40508		52.98395		52.27399		61.60817		35.25987		35.3		96.594		48.47465		48.51		52.36633
840		3.786401		3.78675		40.0325		10.71672		10.74738		52.45609		23.48072		23.47168		80.56846		53.66669		54		10.74738		40.63669		40		23.4651		98.80399		96.51954		54.41967		53.01595		52.53412		61.60817		35.24816		35.3		96.41494		48.46086		48.51		52.22756
843		3.787421		3.78675		40.08368		10.70446		10.66219		52.37309		23.51476		23.43529		80.51402		53.63817		54		10.66219		40.63881		40		23.46729		98.91272		96.62302		54.41834		53.01712		52.07497		61.60817		35.27082		35.3		96.73199		48.4762		48.51		52.38009
846		3.7883		3.78675		40.12776		10.73524		10.72841		52.40624		23.40718		23.46818		80.64456		53.66221		54		10.72841		40.61527		40		23.45408		98.93165		96.44707		54.3696		53.00375		52.36986		61.60817		35.28435		35.3		96.91778		48.45982		48.51		52.2155
849		3.787244		3.78675		40.07506		10.68662		10.70923		52.4312		23.41369		23.46191		80.64123		53.65659		54		10.70923		40.65586		40		23.47937		98.89013		96.39481		54.3669		53.01746		52.20732		61.60817		35.25545		35.3		96.49038		48.44969		48.51		52.11322
852		3.786664		3.78675		40.04644		10.68941		10.73538		52.47153		23.4506		23.46502		80.61785		53.66666		54		10.73538		40.67047		40		23.48907		98.98907		96.5812		54.38875		52.96828		52.28396		61.60817		35.2666		35.3		96.64177		48.46895		48.51		52.30505
855		3.783687		3.78675		39.89749		10.69851		10.70989		52.4049		23.44829		23.4631		80.62922		53.65893		54		10.70989		40.68661		40		23.4997		98.91164		96.60678		54.41448		53.00985		52.2744		61.60817		35.2773		35.3		96.7857		48.48975		48.51		52.51229
858		3.788674		3.78675		40.14695		10.74511		10.5993		52.22725		23.40416		23.47655		80.69291		53.62164		54		10.5993		40.62274		40		23.46234		98.86757		96.46219		54.38933		53.02682		52.07949		61.60817		35.26702		35.3		96.6272		48.47103		48.51		52.32413
861		3.78663		3.78675		40.04477		10.7195		10.60207		52.24705		23.42021		23.45445		80.66271		53.62367		54		10.60207		40.5942		40		23.44616		98.87936		96.56376		54.41176		53.01552		52.07778		61.60817		35.26541		35.3		96.59213		48.47762		48.51		52.38896
864		3.786854		3.78675		40.05627		10.54325		10.74093		52.52316		23.49412		23.46036		80.61385		53.67298		54		10.74093		40.6816		40		23.49958		99.00401		96.52321		54.37045		53.02688		52.16207		61.60817		35.26513		35.3		96.57799		48.48114		48.51		52.42325
867		3.787817		3.78675		40.10458		10.69462		10.48188		52.11583		23.52462		23.47209		80.60094		53.58411		54		10.48188		40.66066		40		23.488		98.76521		96.68758		54.47122		53.00539		52.29663		61.60817		35.25601		35.3		96.43602		48.45991		48.51		52.21007
870		3.786756		3.78675		40.05158		10.60859		10.69225		52.39749		23.44632		23.49568		80.70308		53.65821		54		10.69225		40.68963		40		23.50636		99.0774		96.4342		54.32981		53.01613		52.17513		61.60817		35.24524		35.3		96.27061		48.45436		48.51		52.15364
873		3.786562		3.78675		40.04156		10.72616		10.76313		52.34755		23.52288		23.47243		80.61753		53.68388		54		10.76313		40.68914		40		23.50703		98.84762		96.51064		54.40634		52.98534		52.25082		61.60817		35.26155		35.3		96.49348		48.45589		48.51		52.16808
876		3.787406		3.78675		40.0836		10.60295		10.6291		52.33571		23.46524		23.50546		80.7116		53.63839		54		10.6291		40.62463		40		23.46933		99.10674		96.48779		54.33584		52.97136		52.34435		61.60817		35.27547		35.3		96.68382		48.4434		48.51		52.04224
879		3.785233		3.78675		39.97497		10.65404		10.47383		52.1284		23.5121		23.50925		80.68108		53.58549		54		10.47383		40.71054		40		23.52188		98.99825		96.62539		54.39734		52.94613		52.19358		61.60817		35.25626		35.3		96.39724		48.46975		48.51		52.30481
882		3.785861		3.78675		40.00616		10.71167		10.8236		52.39601		23.46411		23.49848		80.73473		53.70802		54		10.8236		40.6758		40		23.50207		98.82611		96.5092		54.41131		53.01788		52.13749		61.60817		35.27061		35.3		96.5939		48.46184		48.51		52.22472
885		3.78836		3.78675		40.13157		10.65425		10.6968		52.31235		23.46029		23.53321		80.78378		53.66507		54		10.6968		40.65748		40		23.49211		98.86107		96.29675		54.34944		52.98536		52.17285		61.60817		35.27661		35.3		96.66962		48.46022		48.51		52.20771
888		3.786582		3.78675		40.04302		10.65204		10.67139		52.3007		23.51817		23.508		80.71694		53.65731		54		10.67139		40.64521		40		23.48577		98.89579		96.72781		54.44851		52.99861		52.28541		61.60817		35.25432		35.3		96.33745		48.45862		48.51		52.19082
891		3.785272		3.78675		39.97795		10.55824		10.68877		52.39651		23.47868		23.52546		80.78231		53.66443		54		10.68877		40.69165		40		23.51469		98.88668		96.57454		54.41245		52.9664		52.17058		61.60817		35.25278		35.3		96.30466		48.46802		48.51		52.28379
894		3.786419		3.78675		40.03549		10.61063		10.49989		52.17209		23.42844		23.52011		80.82913		53.5999		54		10.49989		40.71009		40		23.5268		98.84083		96.45797		54.39475		52.98903		52.38041		61.60817		35.26845		35.3		96.52057		48.45566		48.51		52.1593
897		3.785993		3.78675		40.01392		10.6373		10.6423		52.2321		23.50076		23.54443		80.79788		53.65049		54		10.6423		40.64136		40		23.4866		99.0188		96.34325		54.32156		52.95447		52.2228		61.60817		35.25923		35.3		96.3769		48.46234		48.51		52.22514
900		3.787556		3.78675		40.0922		10.58441		10.65117		52.2965		23.53893		23.5161		80.74385		53.6546		54		10.65117		40.72216		40		23.53614		98.99642		96.50857		54.36846		52.96551		52.18453		61.60817		35.26855		35.3		96.50053		48.46082		48.51		52.20899
903		3.786754		3.78675		40.0519		10.4899		10.83676		52.53291		23.5921		23.49405		80.68655		53.72015		54		10.83676		40.71122		40		23.53065		98.96326		96.43011		54.35712		53.00588		52.23465		61.60817		35.26991		35.3		96.50997		48.46893		48.51		52.28914
906		3.787962		3.78675		40.11237		10.72194		10.60933		52.06734		23.52977		23.52849		80.78866		53.64228		54		10.60933		40.70593		40		23.52854		98.90218		96.30428		54.34091		52.93701		52.16624		61.60817		35.26495		35.3		96.42671		48.45775		48.51		52.17631
909		3.786737		3.78675		40.05141		10.64164		10.86542		52.4022		23.52276		23.54136		80.81052		53.73226		54		10.86542		40.7476		40		23.55464		99.02933		96.38349		54.32891		52.98386		52.26739		61.60817		35.26942		35.3		96.47931		48.49071		48.51		52.50494
912		3.784942		3.78675		39.96136		10.68877		10.73236		52.24044		23.55148		23.52866		80.77599		53.68709		54		10.73236		40.66221		40		23.50447		98.87002		96.13288		54.30606		52.95095		52.31009		61.60817		35.25622		35.3		96.27712		48.46804		48.51		52.27723
915		3.786077		3.78675		40.01799		10.55354		10.59352		52.22378		23.52682		23.54007		80.81433		53.63998		54		10.59352		40.7411		40		23.55288		99.02324		96.37829		54.32909		53.00784		52.1481		61.60817		35.28341		35.3		96.65793		48.47031		48.51		52.29899
918		3.786496		3.78675		40.03863		10.64992		10.59131		52.13138		23.49987		23.57083		80.87966		53.64028		54		10.59131		40.72648		40		23.5452		99.02286		96.16007		54.27461		52.96136		52.3332		61.60817		35.25678		35.3		96.2619		48.44155		48.51		52.01038
921		3.786264		3.78675		40.02712		10.56816		10.63154		52.23878		23.54001		23.54919		80.82446		53.65532		54		10.63154		40.74813		40		23.55927		98.8918		96.25676		54.33153		52.98864		52.07874		61.60817		35.26271		35.3		96.33699		48.46052		48.51		52.19905
924		3.787301		3.78675		40.0795		10.63592		10.55131		52.10417		23.5618		23.56568		80.83236		53.62849		54		10.55131		40.75225		40		23.56285		98.96729		96.36945		54.34081		52.98647		52.25697		61.60817		35.26271		35.3		96.32607		48.46839		48.51		52.27684
927		3.786476		3.78675		40.03815		10.58601		10.61859		52.22201		23.51165		23.57009		80.88829		53.65287		54		10.61859		40.77687		40		23.57874		98.92088		96.54607		54.39655		52.96141		52.27177		61.60817		35.25804		35.3		96.24731		48.44713		48.51		52.06316
930		3.785874		3.78675		40.00818		10.64047		10.74968		52.27124		23.54494		23.561		80.85517		53.69947		54		10.74968		40.75929		40		23.5693		98.94319		96.34571		54.34086		52.99593		51.87268		61.60817		35.26434		35.3		96.32748		48.45532		48.51		52.14407
933		3.788317		3.78675		40.13045		10.61669		10.61238		52.13613		23.57412		23.56162		80.83704		53.65283		54		10.61238		40.70648		40		23.53875		98.92089		96.40007		54.36001		52.97233		52.38665		61.60817		35.25184		35.3		96.13675		48.45785		48.51		52.16836
936		3.784962		3.78675		39.96322		10.64524		10.52918		52.03515		23.54563		23.56727		80.8791		53.625		54		10.52918		40.78405		40		23.58644		98.88328		96.284		54.34037		52.94334		52.09439		61.60817		35.26663		35.3		96.33891		48.4588		48.51		52.17688
939		3.787719		3.78675		40.1013		10.5921		10.65187		52.23023		23.55754		23.57876		80.89473		53.66861		54		10.65187		40.76353		40		23.57526		98.95101		96.14417		54.28846		52.99413		52.19582		61.60817		35.2632		35.3		96.27899		48.45909		48.51		52.1787
942		3.786188		3.78675		40.02517		10.6253		10.64736		52.18122		23.54925		23.5699		80.90485		53.66808		54		10.64736		40.77172		40		23.58131		98.85786		96.17164		54.3186		53.01265		52.15093		61.60817		35.25361		35.3		96.12984		48.4425		48.51		52.01174
945		3.787927		3.78675		40.11234		10.51777		10.55099		52.18318		23.55969		23.58158		80.91934		53.63567		54		10.55099		40.75386		40		23.57174		98.89199		96.21003		54.31964		52.98669		52.28228		61.60817		35.25697		35.3		96.1664		48.43905		48.51		51.97604
948		3.785973		3.78675		40.01493		10.66996		10.47224		51.93622		23.58865		23.60761		80.92325		53.60938		54		10.47224		40.78549		40		23.59189		98.89022		96.11422		54.29611		52.97297		52.0449		61.60817		35.25502		35.3		96.12668		48.4672		48.51		52.25657
951		3.785269		3.78675		39.97979		10.5368		10.65788		52.24517		23.62567		23.59763		80.88821		53.67489		54		10.65788		40.76778		40		23.58241		98.8052		96.19559		54.33769		52.99249		52.11152		61.60817		35.27158		35.3		96.3534		48.44419		48.51		52.0253
954		3.787796		3.78675		40.1062		10.65023		10.574		52.03928		23.58946		23.60475		80.92913		53.6468		54		10.574		40.76706		40		23.58314		98.99062		96.19816		54.29196		52.95044		52.10934		61.60817		35.24588		35.3		95.97074		48.46022		48.51		52.18445
957		3.78604		3.78675		40.01855		10.67749		10.5659		51.98372		23.58685		23.60416		80.94422		53.64504		54		10.5659		40.80049		40		23.60437		98.8345		96.40414		54.38246		52.99139		51.9855		61.60817		35.25192		35.3		96.04566		48.459		48.51		52.17113
960		3.787838		3.78675		40.10866		10.60804		10.35302		51.82301		23.576		23.6029		80.96838		53.57218		54		10.35302		40.77187		40		23.58838		98.97679		95.93174		54.22877		52.94347		52.12196		61.60817		35.27482		35.3		96.36448		48.45608		48.51		52.14089
963		3.785692		3.78675		40.00152		10.51284		10.49761		52.0631		23.58923		23.62915		80.98416		53.62345		54		10.49761		40.78928		40		23.6		98.99619		96.04536		54.2523		52.96637		52.30537		61.60817		35.25596		35.3		96.08201		48.4475		48.51		52.05401
966		3.786954		3.78675		40.0644		10.62254		10.51046		51.95001		23.58796		23.6004		80.97776		53.62899		54		10.51046		40.84068		40		23.63205		98.82772		96.2629		54.34878		52.92611		52.15002		61.60817		35.24381		35.3		95.89628		48.46841		48.51		52.26199
969		3.786432		3.78675		40.03867		10.50532		10.6409		52.19227		23.56251		23.60007		81.01703		53.67537		54		10.6409		40.81281		40		23.61654		99.0125		95.82099		54.19209		52.94442		52.22088		61.60817		35.25877		35.3		96.09887		48.45126		48.51		52.08936
972		3.786897		3.78675		40.06196		10.57215		10.35503		51.84734		23.55373		23.60158		81.04218		53.57714		54		10.35503		40.77075		40		23.59254		98.82091		96.42611		54.39124		52.99306		52.0871		61.60817		35.25394		35.3		96.01785		48.43596		48.51		51.93517
975		3.787199		3.78675		40.07746		10.54999		10.71421		52.22952		23.59844		23.62594		81.03165		53.70288		54		10.71421		40.80668		40		23.61531		98.85266		96.11995		54.30675		52.98445		52.08977		61.60817		35.25917		35.3		96.08044		48.44312		48.51		52.00577
978		3.787404		3.78675		40.08774		10.50844		10.78686		52.36218		23.60103		23.6323		81.04279		53.72913		54		10.78686		40.77956		40		23.60027		98.93151		95.88459		54.22817		52.9578		52.17773		61.60817		35.23359		35.3		95.69872		48.45503		48.51		52.12379
981		3.788644		3.78675		40.15015		10.66533		10.31165		51.7183		23.60459		23.59844		81.02369		53.56523		54		10.31165		40.79267		40		23.60937		98.79622		96.06791		54.3078		52.96977		52.06512		61.60817		35.26966		35.3		96.20792		48.45433		48.51		52.11568
984		3.787871		3.78675		40.11183		10.49692		10.44474		51.98791		23.59902		23.61773		81.05198		53.61254		54		10.44474		40.81609		40		23.62467		99.09102		95.91316		54.19539		53.00887		52.19633		61.60817		35.25238		35.3		95.94706		48.45771		48.51		52.14836
987		3.788156		3.78675		40.12627		10.73771		10.78057		52.10783		23.65191		23.62245		81.01782		53.73015		54		10.78057		40.83244		40		23.63571		98.90073		95.91398		54.24315		52.99875		52.18668		61.60817		35.24701		35.3		95.85773		48.45606		48.51		52.13071
990		3.787922		3.78675		40.11501		10.53183		10.55117		52.06285		23.60168		23.61222		81.06392		53.65154		54		10.55117		40.84245		40		23.64295		99.03405		96.05835		54.24589		53.00272		51.9954		61.60817		35.26745		35.3		96.13963		48.43861		48.51		51.95497
993		3.788354		3.78675		40.13713		10.65329		10.65181		52.04535		23.57572		23.65488		81.13586		53.6875		54		10.65181		40.8434		40		23.64477		98.82136		96.25104		54.34721		53.02744		52.04709		61.60817		35.27565		35.3		96.24644		48.4605		48.51		52.17283
996		3.786408		3.78675		40.04005		10.46521		10.57481		52.15578		23.68751		23.66287		81.05145		53.66174		54		10.57481		40.81524		40		23.62913		99.08543		95.88525		54.18973		52.97234		52.05312		61.60817		35.23255		35.3		95.61196		48.44825		48.51		52.04916
999		3.787905		3.78675		40.11507		10.65005		10.54943		51.97444		23.576		23.61789		81.11522		53.65391		54		10.54943		40.85176		40		23.65231		98.95927		96.19597		54.29893		52.97269		52.10513		61.60817		35.27208		35.3		96.16984		48.45304		48.51		52.09596
1002		3.784069		3.78675		39.92337		10.53606		10.29594		51.83037		23.65944		23.6428		81.06869		53.56691		54		10.29594		40.83011		40		23.6406		98.96359		95.82113		54.20412		52.99256		52.02533		61.60817		35.25487		35.3		95.90998		48.4494		48.51		52.05838
1005		3.787847		3.78675		40.11236		10.4983		10.55946		52.1405		23.60392		23.6485		81.13046		53.6594		54		10.55946		40.82696		40		23.63996		98.87336		95.91496		54.25011		52.95812		52.13718		61.60817		35.26761		35.3		96.08216		48.43983		48.51		51.96146
1008		3.786526		3.78675		40.04675		10.52363		10.52837		52.08589		23.65498		23.65785		81.10117		53.64962		54		10.52837		40.82766		40		23.64164		98.9599		95.81053		54.20234		52.93973		52.12328		61.60817		35.25004		35.3		95.81682		48.43335		48.51		51.89543
1011		3.786694		3.78675		40.05565		10.63727		10.6247		52.05958		23.67393		23.68035		81.11662		53.68408		54		10.6247		40.85513		40		23.65941		98.85022		95.65242		54.19021		52.92668		52.13299		61.60817		35.27181		35.3		96.11785		48.45564		48.51		52.11706
1014		3.785192		3.78675		39.98079		10.59408		10.71013		52.17428		23.66178		23.65947		81.11759		53.71476		54		10.71013		40.85415		40		23.66011		98.91641		95.90853		54.23767		52.93543		51.81333		61.60817		35.2634		35.3		95.98408		48.45932		48.51		52.15263
1017		3.786889		3.78675		40.0659		10.5075		10.60213		52.14701		23.66446		23.68483		81.14387		53.67833		54		10.60213		40.92129		40		23.7017		98.97055		95.93174		54.22992		52.91634		52.14191		61.60817		35.2491		35.3		95.76589		48.43992		48.51		51.95744
